851	1049
793	1014
794	1082
740	1021
735	972
669	1019
651	1005
626	930
496	918
437	844
421	842
422	752
448	722
437	733
446	755
462	768
509	763
535	893
608	1021
592	1081
745	1110
714	1215
766	1283
730	1394
690	1290
647	1272
588	1178
571	1111
490	1048
464	987
442	903
345	854
342	837
357	764
361	766
325	770
299	740
288	727
225	757
240	766
274	787
377	856
367	901
310	983
289	1037
280	1028
304	1082
250	1225
268	1221
296	1158
298	1093
317	1031
297	1017
314	938
313	862
309	819
308	715
359	655
334	611
324	559
370	531
404	517
461	540
524	485
606	489
608	542
628	583
670	651
732	690
746	680
760	657
738	676
600	643
629	672
602	629
565	649
626	590
607	585
528	567
467	525
442	534
464	600
460	589
446	593
453	561
427	577
444	611
531	658
571	752
679	766
770	810
869	847
921	805
839	842
830	885
834	861
832	891
832	976
847	1040
758	1041
663	1004
647	1079
616	1021
570	1014
623	982
617	899
588	819
531	770
513	731
451	703
437	700
488	740
552	793
638	887
691	1004
688	1089
713	1091
698	1063
748	1140
773	1148
761	1112
779	1104
821	1104
799	978
836	991
788	905
735	858
673	790
674	754
668	697
685	674
618	697
665	746
709	733
705	710
718	713
770	784
813	836
854	910
861	939
870	952
803	923
836	934
850	969
785	956
762	938
720	998
664	919
690	985
633	936
651	866
634	829
552	833
511	760
490	766
507	737
480	663
519	712
528	726
607	837
671	902
796	1012
932	1147
944	1226
1044	1179
1050	1082
1000	1055
1007	1089
1030	999
971	1015
897	1004
970	924
877	762
796	653
762	550
718	537
668	477
609	493
555	508
575	495
574	496
578	435
541	441
536	447
630	438
635	505
701	600
773	620
838	656
863	690
855	763
888	731
803	724
848	662
754	602
793	580
732	561
655	593
598	593
537	583
557	543
553	517
542	515
515	475
494	453
507	476
533	485
545	591
640	635
761	692
856	726
914	760
877	784
843	861
901	891
994	950
952	893
957	851
880	856
800	802
726	734
702	680
657	649
589	602
609	554
628	501
651	578
647	576
631	557
677	578
716	641
736	719
829	762
917	843
1023	914
1128	968
1195	1014
1241	1046
1222	1036
1194	1108
1116	1103
1057	1098
1055	1033
970	951
937	905
902	886
863	835
834	836
778	835
712	819
702	812
741	746
773	733
789	728
836	709
849	746
920	808
980	882
1099	894
1205	928
1257	917
1206	983
1257	903
1312	896
1265	872
1306	843
1235	917
1251	858
1268	800
1227	783
1160	720
1131	721
1071	640
1046	661
1043	637
1004	579
956	576
1024	605
1047	677
1102	710
1140	749
1238	902
1327	1010
1487	1066
1577	1026
1534	1034
1559	1048
1551	1092
1501	1069
1509	1075
1417	1040
1337	1033
1242	916
1149	916
1087	823
986	777
874	759
845	740
778	775
717	697
667	680
636	724
706	788
683	851
761	849
779	1022
813	1073
869	1206
853	1259
912	1252
885	1264
883	1218
881	1251
842	1232
817	1199
847	1107
856	1035
923	947
954	934
837	902
745	843
696	763
645	756
577	764
637	727
640	737
684	735
726	781
730	830
849	908
969	1011
1049	1043
1220	1125
1225	1164
1275	1233
1187	1249
1038	1249
939	1319
896	1259
915	1117
854	1063
810	1046
724	1037
658	997
624	955
592	960
539	936
544	852
562	882
567	876
637	877
652	911
700	942
737	1052
816	1148
883	1207
871	1402
910	1355
912	1316
897	1347
836	1279
808	1283
800	1305
757	1214
748	1146
688	1099
644	966
606	954
596	923
549	892
489	832
429	817
445	800
439	788
485	762
550	821
564	884
653	1029
744	1128
793	1247
922	1268
906	1182
868	1116
920	1140
802	1146
806	1164
864	1192
866	1205
827	1164
823	1115
823	1065
809	1002
782	912
724	850
740	841
692	802
663	800
632	834
642	898
684	942
775	962
806	1069
813	1114
886	1239
948	1351
885	1355
894	1393
916	1401
989	1327
990	1368
946	1306
887	1151
901	1005
793	1005
761	873
716	845
733	827
700	817
673	781
626	700
629	719
641	740
673	835
746	835
788	862
871	961
881	1064
914	1123
968	1183
948	1184
964	1141
933	1154
875	1197
834	1145
744	1059
693	977
611	1049
615	1019
578	949
561	898
540	907
483	890
423	881
387	869
424	872
438	842
423	868
450	915
469	981
481	997
542	1042
551	1121
576	1254
661	1228
645	1155
575	1201
521	1219
471	1219
395	1164
404	1164
415	1131
398	1025
386	960
360	936
336	883
313	810
336	820
347	835
366	824
404	893
412	885
465	901
526	964
624	991
667	1060
697	1119
781	1160
763	1122
709	1057
702	1101
641	1080
700	1030
732	1006
664	949
611	870
597	791
562	702
597	670
633	693
623	667
656	659
667	615
703	582
710	603
707	618
761	658
809	692
837	729
980	856
1040	969
1106	947
1052	885
1034	805
988	843
934	879
939	895
893	851
894	785
822	781
790	717
827	711
761	715
795	746
788	710
734	700
731	697
732	686
770	636
774	676
734	766
724	825
850	935
868	971
986	900
962	1018
833	1138
752	1191
762	1217
744	1079
746	1132
706	1175
637	1184
666	1054
655	1000
603	907
586	861
626	852
549	860
536	821
482	808
480	794
472	815
470	864
474	934
462	1029
481	1104
535	1126
595	1235
649	1246
721	1222
718	1205
783	1174
858	1147
842	1168
795	1093
787	909
783	857
669	779
631	860
608	857
640	865
602	828
652	799
639	795
654	777
701	816
723	834
766	848
770	904
843	975
900	1068
979	1129
967	1232
975	1224
978	1199
1041	1176
1010	1129
958	1061
895	1013
922	1036
922	976
891	932
854	923
813	891
854	901
779	855
738	747
725	671
694	649
691	668
715	669
776	760
759	855
840	910
793	960
850	1090
897	1131
840	1085
859	1101
968	1070
866	997
766	945
738	945
631	893
555	896
514	867
487	904
462	808
407	757
350	705
345	756
353	725
364	745
411	795
485	864
483	946
509	1117
568	1217
620	1305
655	1463
739	1483
777	1433
769	1406
722	1444
590	1457
601	1433
564	1436
522	1246
489	1193
481	1069
491	1019
426	1077
360	982
377	917
322	887
306	893
290	887
331	894
390	918
430	957
503	1016
615	1112
671	1146
739	1261
805	1400
813	1393
813	1449
893	1418
922	1387
926	1363
938	1245
874	1195
818	1149
846	1066
818	1055
783	1027
790	927
712	921
648	899
687	850
661	803
689	798
705	858
755	877
812	923
929	968
1002	1050
998	1118
1022	1315
1001	1253
1030	1271
1030	1314
1031	1296
1054	1231
1020	1140
955	1118
856	1065
769	1020
741	1038
725	961
642	921
581	922
572	899
580	874
561	818
586	837
648	881
652	935
672	998
779	1114
799	1110
812	1186
887	1321
865	1257
829	1163
754	1193
691	1101
668	1071
535	1049
430	1083
429	956
398	923
431	846
468	731
470	671
430	699
419	670
417	602
415	615
439	688
512	701
500	784
562	846
558	896
668	1010
667	1075
703	1149
744	1107
776	1088
746	1102
726	1115
632	1118
680	1083
690	1011
634	974
603	918
584	916
521	809
487	769
490	789
479	722
400	733
363	745
402	785
427	769
390	834
418	880
438	953
472	998
528	1097
601	1202
629	1160
620	1211
649	1179
730	1212
720	1202
728	1159
698	1109
696	1060
664	1003
631	1008
567	913
515	873
494	845
491	792
464	664
526	694
514	695
544	684
627	790
667	895
652	932
662	958
779	1071
821	1192
825	1192
820	1202
854	1170
878	1132
810	1114
776	1076
745	1078
695	1024
625	936
620	924
651	843
596	852
587	886
598	915
592	859
562	869
571	878
631	919
678	959
680	1064
775	1150
876	1186
899	1274
950	1355
902	1332
889	1400
810	1444
817	1323
792	1291
842	1181
796	1028
731	1012
668	1008
629	1026
557	995
571	913
615	843
638	860
587	864
587	836
561	862
581	903
553	967
585	1066
665	1108
747	1260
799	1326
874	1393
828	1449
919	1476
916	1527
942	1441
987	1431
949	1302
982	1183
914	1204
855	1164
824	1064
886	1012
872	985
825	935
808	901
764	863
765	841
781	912
795	912
788	992
792	1052
793	1102
905	1224
960	1319
1043	1411
1036	1442
1076	1543
1110	1567
1023	1531
999	1495
934	1520
778	1393
764	1367
754	1341
739	1225
719	1153
733	1098
779	1071
735	992
714	894
731	909
742	854
750	878
741	876
771	981
810	1071
870	1191
955	1274
946	1393
872	1405
848	1504
851	1528
778	1384
725	1399
653	1371
606	1205
567	1149
612	1071
575	995
553	975
521	912
447	836
426	756
397	719
371	700
410	700
446	778
461	824
462	900
551	1061
561	1105
587	1281
584	1341
582	1292
536	1313
547	1295
508	1352
500	1326
403	1308
423	1272
380	1223
379	1136
388	1101
353	1080
296	1031
303	938
315	939
334	862
365	844
357	920
335	897
337	986
386	1099
411	1204
529	1320
675	1419
732	1509
703	1388
669	1390
698	1426
729	1361
702	1355
766	1330
802	1284
762	1243
706	1259
682	1180
685	1225
663	1180
608	1111
529	1110
523	1086
498	1104
462	1119
501	1193
516	1263
496	1352
557	1434
612	1574
638	1679
672	1781
672	1707
685	1717
647	1743
634	1689
672	1660
660	1609
622	1542
626	1447
611	1402
560	1308
607	1261
571	1186
591	1174
600	1146
528	1086
486	1048
600	1030
642	970
674	1028
702	1079
793	1155
773	1259
856	1364
900	1468
898	1325
855	1337
852	1332
776	1297
756	1275
705	1211
653	1165
606	1052
674	935
682	975
705	915
731	829
704	794
691	718
693	736
665	734
662	710
720	726
778	759
837	777
940	832
1050	872
1181	981
1239	1009
1255	899
1222	842
1219	823
1087	762
1078	741
944	672
915	630
886	550
879	545
841	486
803	415
730	367
644	331
628	301
523	304
578	305
624	263
662	276
690	256
751	312
733	291
842	265
920	292
1052	299
967	260
1008	278
932	274
806	306
813	290
839	251
747	218
712	265
706	272
685	258
682	211
632	216
608	247
583	231
513	257
504	336
553	355
593	390
625	421
709	515
739	541
851	618
934	634
1061	677
1045	601
1098	628
1107	646
1039	662
1109	703
1081	664
1012	565
877	521
820	501
767	552
753	533
660	544
592	487
518	452
514	443
500	436
532	437
577	473
592	552
578	666
576	764
642	790
651	866
633	924
575	938
556	911
529	929
458	928
456	905
463	871
386	834
368	796
369	720
377	678
365	713
345	656
352	614
322	604
345	556
363	550
340	589
414	656
452	743
529	757
582	819
614	870
716	946
689	1027
674	1015
722	1053
727	1117
717	1097
698	1058
644	1032
643	966
534	862
470	888
483	870
471	847
423	788
430	773
444	722
462	648
481	642
512	644
478	689
497	720
522	733
557	775
602	800
663	868
630	881
626	812
616	841
615	976
588	1068
571	1058
473	1023
466	948
427	900
382	851
355	792
343	780
339	778
269	735
245	737
269	732
247	731
253	708
319	675
324	613
378	660
368	697
418	724
439	761
506	716
467	654
626	717
679	718
653	726
637	735
646	821
607	737
552	693
542	622
572	600
547	549
502	540
478	478
442	438
439	391
372	394
399	390
411	356
503	356
563	384
681	404
852	405
844	456
817	491
795	519
863	586
791	661
776	678
750	664
700	624
659	631
646	663
681	619
651	609
630	667
585	648
570	691
554	634
560	666
612	656
657	690
679	718
675	715
720	767
801	822
888	910
975	997
1160	1053
1084	1035
1039	1071
1024	1072
963	1015
966	1040
849	992
808	938
755	913
700	945
671	817
656	772
599	764
601	706
535	682
540	678
533	687
614	718
539	740
538	678
534	718
546	789
578	840
580	901
648	954
589	987
692	980
701	971
691	987
700	956
670	881
662	818
581	772
592	717
538	638
548	639
445	563
463	535
478	524
541	516
562	587
573	621
568	720
666	735
721	728
780	835
933	900
937	939
1054	1018
1057	1023
961	1000
1018	892
1066	839
1043	838
963	772
916	679
880	644
801	600
738	554
751	582
648	576
623	560
609	548
627	487
625	482
660	455
614	462
668	479
677	598
829	653
900	711
1038	753
1125	810
1025	768
1041	805
1001	765
927	851
931	763
781	670
822	606
713	598
682	558
675	564
634	506
639	506
580	493
571	474
503	468
519	503
477	480
523	485
524	455
546	530
603	564
656	651
732	709
678	763
698	752
797	727
765	765
716	696
751	703
741	655
733	618
671	553
631	549
607	504
526	476
560	443
536	453
556	479
515	481
549	473
539	475
576	500
520	508
576	571
616	665
683	760
675	870
636	958
568	918
559	912
670	964
677	807
624	847
673	929
641	871
625	899
539	805
486	782
500	741
504	716
496	634
504	616
452	582
429	525
454	556
480	584
502	619
599	624
614	659
717	678
748	708
798	687
793	645
823	630
888	616
816	602
809	533
796	546
784	532
706	517
722	460
717	470
704	437
634	464
571	416
618	397
615	384
592	371
608	396
629	402
632	451
686	493
807	596
847	658
939	726
1001	805
994	820
887	753
864	715
851	649
961	633
917	618
871	589
860	516
836	521
828	566
799	579
798	514
699	492
660	500
648	596
665	555
693	624
727	679
770	684
818	678
904	733
891	755
946	815
960	857
886	890
919	891
862	840
870	782
845	767
749	717
655	651
610	689
611	697
551	688
558	643
535	613
508	631
482	635
477	578
482	538
466	550
470	538
557	548
525	525
569	541
571	593
619	659
698	634
643	536
685	583
766	552
758	539
689	532
650	438
631	457
641	480
625	505
508	497
491	461
442	464
409	420
379	428
339	427
368	406
365	396
351	420
340	444
385	493
373	574
410	587
414	646
518	669
531	710
555	757
639	848
628	712
604	720
595	707
547	656
472	643
443	539
466	483
439	488
385	491
360	455
370	464
371	444
376	488
368	512
382	537
447	556
466	587
472	638
498	678
518	731
565	787
653	776
724	806
624	787
538	829
555	794
565	687
534	605
442	626
394	604
356	613
318	616
327	605
283	560
274	591
267	543
284	553
252	553
234	521
260	527
243	561
265	559
298	512
301	567
333	672
342	596
321	559
338	589
314	569
295	576
284	591
273	560
250	496
240	452
249	430
177	421
171	423
176	376
164	406
184	421
222	410
217	401
223	363
258	390
238	446
308	520
346	670
367	766
404	863
372	771
367	750
423	705
437	631
392	574
385	566
410	587
357	535
322	467
316	481
295	418
321	445
292	378
256	351
231	381
257	403
307	416
314	451
290	522
294	578
358	642
390	710
386	781
434	875
417	908
380	1026
440	1007
339	1017
336	1052
281	1026
278	912
288	844
306	831
324	780
325	733
312	803
318	739
308	653
336	693
359	690
393	702
405	676
405	716
441	754
551	864
581	983
505	984
576	1051
530	1105
576	1099
576	1075
578	1022
550	1054
578	1071
588	990
586	980
575	965
507	975
567	921
546	878
497	772
499	783
547	781
562	756
563	705
603	718
637	764
735	724
784	783
857	773
871	826
897	858
915	853
969	904
897	888
916	850
909	859
874	839
842	813
767	748
778	661
747	589
698	616
635	577
638	555
609	512
632	507
645	501
710	522
779	565
825	597
842	601
919	716
1009	701
1161	737
1299	815
1112	753
1143	809
1147	812
1153	752
1130	773
1109	743
1128	748
1095	686
1052	656
942	637
964	632
911	613
921	572
906	597
856	593
876	617
933	632
986	645
949	647
1077	694
1148	705
1286	773
1404	829
1507	864
1495	828
1475	882
1406	804
1384	800
1323	725
1260	713
1202	696
1106	637
988	690
982	603
966	707
930	712
863	639
845	638
862	629
864	669
859	664
882	649
932	641
1005	655
1087	709
1098	690
1201	780
1280	801
1161	771
1241	705
1143	648
1074	717
1068	690
949	632
1056	659
1054	632
1024	698
991	654
994	524
941	556
901	533
843	473
837	422
809	418
858	496
929	474
1034	532
1051	533
1085	522
1073	640
1142	568
1220	599
1240	629
1230	650
1235	683
1229	647
1244	649
1233	591
1161	532
1074	532
985	441
957	472
879	467
830	459
851	371
816	368
760	398
826	448
778	464
787	470
843	414
979	485
1142	509
1195	521
1251	642
1385	706
1351	707
1413	765
1430	800
1347	775
1314	718
1211	752
1216	643
1144	621
1095	670
1055	598
985	584
902	543
832	527
785	511
738	453
713	457
699	464
747	448
780	470
855	468
919	510
955	558
1045	598
1138	651
1056	696
1081	652
1113	602
1200	553
1151	542
1093	584
1043	538
978	550
1015	485
966	509
883	562
775	540
775	600
732	610
710	607
739	563
757	519
767	570
874	509
993	547
1044	604
1113	694
1220	699
1341	796
1321	867
1351	809
1374	804
1321	821
1274	763
1209	752
1075	702
984	691
935	673
882	677
880	669
795	643
751	637
779	639
756	616
676	658
671	681
620	726
640	689
694	815
707	862
839	928
907	1010
1022	1053
1065	1025
1096	941
1059	981
1080	984
1059	913
1034	891
1052	865
945	875
969	875
921	766
890	749
826	680
797	637
767	658
714	601
659	610
632	614
676	690
682	674
732	698
797	850
883	970
899	1022
998	1151
997	1107
958	1138
915	1171
924	1165
949	1050
906	1084
892	1035
790	906
699	820
733	828
711	830
678	816
607	717
541	683
509	642
548	625
550	676
629	736
632	776
671	762
778	880
864	973
919	1097
967	1125
928	1187
828	1123
860	1146
854	1119
853	1151
801	1067
721	1018
699	944
692	955
637	918
683	867
659	882
648	882
605	853
651	863
594	877
564	884
601	876
681	916
669	986
697	1091
789	1240
806	1366
873	1471
920	1507
865	1501
887	1536
889	1499
869	1557
832	1537
673	1438
708	1280
681	1234
683	1171
754	1083
686	1050
660	989
672	982
610	981
658	969
695	938
771	1018
803	1037
864	1094
977	1223
1078	1300
1124	1492
1165	1596
1232	1547
1139	1483
1261	1475
1182	1436
1158	1392
1152	1371
1097	1279
993	1163
900	1070
810	1041
805	998
800	965
750	937
665	936
639	920
598	905
611	929
622	945
659	989
646	1033
712	1099
696	1216
764	1298
851	1407
746	1426
746	1395
794	1445
776	1331
773	1306
751	1304
689	1247
666	1151
621	1139
596	1146
539	1123
546	1056
453	1014
423	1013
412	944
356	952
386	924
365	924
370	977
412	1017
432	1140
490	1243
480	1357
558	1474
556	1443
561	1452
600	1487
575	1439
581	1452
552	1373
543	1262
560	1160
570	1212
584	1073
603	1046
572	955
564	865
517	808
518	760
531	757
519	742
583	810
653	817
684	831
766	965
799	988
831	1007
971	1072
992	1166
1055	1210
1118	1140
1093	1110
1036	1079
980	1095
918	985
904	905
810	868
796	819
832	819
838	803
867	710
832	707
770	717
765	703
797	683
850	700
908	743
938	850
987	963
1011	1069
1134	1221
1234	1276
1252	1303
1226	1324
1176	1378
1176	1311
1200	1329
1116	1256
1073	1192
1045	1153
969	1160
843	1158
800	1038
758	976
789	833
825	790
799	745
788	802
791	756
814	845
824	856
879	913
968	979
1045	1123
1135	1244
1177	1350
1090	1375
1032	1327
1122	1353
1021	1424
1070	1371
974	1368
886	1315
863	1240
839	1084
784	1077
687	1074
692	1045
675	1039
647	984
602	974
592	970
533	978
577	993
593	1032
593	1118
665	1216
717	1276
858	1440
946	1517
886	1444
887	1455
859	1406
835	1320
698	1317
739	1272
720	1184
658	1163
656	1134
613	1078
562	1098
455	1029
495	965
465	919
473	868
503	811
512	823
531	787
553	809
538	844
672	948
728	1024
759	1122
820	1126
877	1175
850	1160
853	1268
858	1285
855	1295
878	1200
862	1130
813	1067
823	1038
846	1035
744	935
676	880
594	821
586	793
598	729
611	721
595	712
623	778
623	810
659	843
656	914
654	980
746	1094
795	1102
826	1160
742	1141
736	1040
754	968
753	945
712	933
667	900
679	820
676	755
704	692
706	671
683	614
662	602
630	581
606	600
623	575
619	609
650	565
625	669
620	762
628	897
655	923
731	992
747	1024
751	981
689	975
778	948
819	925
868	1014
770	964
727	888
707	859
706	751
720	719
708	627
705	616
689	561
675	485
679	478
692	489
674	496
707	536
739	539
756	568
791	690
897	773
937	806
977	797
923	756
897	786
955	793
900	682
816	620
806	590
774	578
746	603
702	559
684	539
627	454
615	428
574	435
580	449
569	440
561	431
521	414
566	408
616	395
651	413
769	460
882	544
950	650
984	671
1012	597
1026	602
982	648
1018	728
945	723
955	758
861	734
846	704
773	637
730	522
726	479
666	463
655	435
648	353
606	316
587	305
639	340
644	356
681	383
679	401
815	419
874	422
956	506
950	523
855	504
854	540
776	549
768	507
786	497
839	496
761	467
797	509
735	510
704	445
633	437
590	438
568	402
520	402
528	357
497	314
497	304
580	341
654	402
668	417
739	471
712	509
770	535
826	563
720	589
768	615
756	593
725	584
704	640
678	663
624	639
604	599
565	548
517	588
491	572
492	541
470	514
452	460
450	465
459	507
488	543
501	567
498	552
548	597
593	591
629	649
707	782
680	851
592	860
603	845
618	850
623	800
633	797
589	819
556	815
504	796
477	796
428	743
426	727
455	648
403	614
344	607
343	566
345	596
350	567
363	552
370	488
365	494
379	531
368	592
426	653
489	747
471	646
511	635
494	763
487	715
509	694
523	677
517	600
534	627
525	651
526	686
544	631
516	547
545	452
554	445
586	462
624	453
589	449
633	484
712	512
748	519
761	611
704	673
770	740
819	796
794	805
772	803
830	804
829	898
853	935
821	922
748	920
711	772
700	888
649	832
638	773
623	696
640	700
589	673
509	667
505	695
544	721
546	770
552	811
585	906
672	1010
757	1087
829	1154
920	1202
951	1157
1020	1198
982	1205
920	1156
984	1161
915	1151
870	1058
804	947
707	928
679	891
571	900
545	784
486	719
453	728
450	746
498	734
497	786
546	771
558	778
580	839
594	955
586	1065
612	1064
582	1112
588	1082
572	1055
538	1034
526	1013
549	1031
530	1009
493	983
489	925
444	843
444	829
395	758
373	764
383	716
338	707
301	652
271	660
253	658
271	684
301	697
320	720
328	830
331	951
386	984
419	1072
445	1080
425	1065
367	1169
420	1094
379	1021
361	949
372	861
393	858
346	770
314	718
289	735
254	663
246	566
259	547
233	532
202	512
174	501
155	509
205	584
191	627
253	685
271	764
334	823
309	881
329	891
326	796
308	925
324	918
334	858
337	772
296	814
215	730
197	720
234	676
196	666
223	662
179	641
175	588
149	607
137	603
106	629
115	605
153	600
189	612
206	656
240	717
254	835
277	838
253	832
244	788
217	743
194	782
207	773
181	770
151	798
179	721
173	693
151	709
155	738
147	716
133	686
130	688
158	632
150	679
153	669
169	634
135	660
150	657
199	674
230	794
270	886
309	869
374	797
415	771
429	745
480	785
441	760
333	713
287	628
280	581
286	547
270	565
264	581
239	544
197	520
216	547
209	535
187	579
209	638
212	643
243	649
257	639
279	703
278	751
295	807
298	961
302	922
280	963
242	870
232	848
229	706
230	619
247	549
178	550
177	495
174	458
159	467
185	440
185	420
160	421
165	393
140	404
120	468
129	530
153	576
145	572
198	666
169	774
139	900
94	1024
58	1052
38	1054
46	993
46	917
56	899
38	900
48	866
80	861
64	809
66	717
65	691
62	664
66	639
73	610
37	630
43	617
63	620
61	590
63	678
74	700
100	686
119	855
103	880
95	956
68	1006
87	995
58	991
75	882
110	799
78	746
87	740
79	657
89	649
111	631
118	669
144	541
144	496
135	454
137	430
131	451
103	478
110	473
145	465
166	484
206	518
225	561
209	608
192	674
169	718
185	655
153	629
176	643
163	606
181	628
208	600
227	561
235	596
251	586
235	500
201	448
197	381
205	358
231	360
240	343
221	343
229	310
239	303
265	370
245	372
251	380
286	297
375	249
396	242
379	249
366	251
373	292
316	283
311	274
279	330
304	328
319	318
329	300
324	275
322	281
301	275
312	284
285	262
233	257
218	264
205	272
234	210
262	201
305	233
334	264
408	321
547	345
537	276
511	263
500	267
506	252
515	210
431	212
396	175
432	146
448	136
416	124
428	115
369	90
320	89
324	115
335	140
313	161
324	186
335	184
314	127
357	121
429	153
502	156
652	243
669	317
687	349
657	346
627	347
653	308
594	260
580	229
571	209
524	150
529	155
504	139
468	131
473	139
475	116
466	121
478	81
515	96
517	109
556	113
636	113
671	110
687	108
768	139
783	154
847	147
794	143
792	116
813	121
861	160
867	151
891	116
904	108
856	119
806	95
798	82
710	63
589	53
613	55
580	30
522	44
517	50
551	59
596	61
604	77
651	71
661	114
661	130
692	135
736	175
730	207
702	240
709	256
712	187
659	217
603	199
530	189
459	221
396	209
369	173
289	165
284	160
275	158
279	159
264	161
248	209
243	218
262	250
286	300
351	332
384	369
392	422
413	476
498	529
551	479
568	485
523	543
480	542
536	553
484	527
391	475
402	418
388	410
378	410
355	405
326	431
316	408
335	353
312	347
283	361
272	325
279	359
292	344
306	388
348	454
405	491
400	525
502	526
548	514
555	454
501	474
474	395
456	401
365	392
409	368
374	349
425	300
469	265
410	247
427	219
452	181
440	168
406	154
423	192
485	224
531	226
516	232
523	234
597	289
608	314
699	359
784	403
902	307
936	262
906	269
850	230
878	184
789	214
777	223
715	228
651	242
604	242
560	201
504	204
448	215
498	206
458	215
448	234
493	213
526	183
457	242
528	265
594	296
693	271
809	297
863	308
932	272
970	304
907	373
880	443
778	397
806	336
753	324
687	295
592	276
634	248
622	224
568	219
528	186
508	179
491	171
513	211
501	184
496	204
478	218
513	255
649	298
674	335
830	318
940	312
934	334
979	306
1026	291
975	340
926	274
873	230
868	243
841	234
873	208
820	192
766	185
770	204
717	194
720	190
723	202
714	229
724	260
781	262
808	252
849	266
955	286
1012	303
1075	324
1126	393
1058	394
1013	463
948	443
1024	467
1049	430
1023	432
1004	334
935	340
985	387
925	388
909	393
902	382
873	371
847	398
889	382
848	394
902	407
963	439
991	449
1092	450
1141	525
1226	512
1278	500
1389	517
1263	559
1287	538
1300	541
1263	469
1216	444
1155	430
1120	410
1111	407
1073	379
966	325
897	264
841	243
864	230
829	243
774	185
721	177
734	209
760	238
796	267
920	257
1028	326
1027	351
1162	411
1273	427
1249	438
1243	421
1240	419
1218	361
1114	387
1132	363
1055	381
960	348
861	318
885	335
908	358
891	295
835	274
800	285
804	294
824	281
835	272
885	284
965	317
1060	368
1112	408
1179	379
1225	399
1357	473
1341	465
1414	412
1507	418
1501	401
1446	372
1439	347
1441	320
1362	260
1372	236
1351	223
1327	207
1256	207
1213	207
1148	191
1123	216
1131	207
1162	192
1199	235
1281	224
1346	213
1423	227
1535	247
1599	267
1663	334
1559	338
1653	315
1637	295
1637	305
1743	301
1716	345
1644	327
1558	327
1476	302
1344	321
1273	316
1240	312
1234	312
1247	272
1182	231
1183	241
1255	270
1320	272
1373	296
1525	341
1662	378
1823	474
1957	541
1968	544
1909	539
1915	561
1900	542
1829	494
1769	489
1644	462
1595	397
1527	362
1548	375
1485	382
1445	406
1336	384
1242	359
1173	294
1148	249
1149	271
1148	283
1213	254
1296	277
1400	254
1510	281
1646	306
1761	340
1935	394
1835	372
1888	374
1877	421
1809	398
1715	379
1641	354
1514	266
1467	266
1328	240
1271	281
1201	287
1097	304
1026	270
951	230
897	245
878	269
945	292
998	316
1045	327
1096	344
1123	385
1251	459
1345	557
1457	649
1495	647
1469	575
1515	508
1497	492
1400	556
1308	481
1197	493
1109	494
1054	454
982	429
901	393
909	412
836	388
783	403
723	404
757	336
784	338
749	319
766	337
816	337
878	398
958	342
1106	399
1227	429
1141	365
1146	407
1090	357
1078	408
976	391
1033	402
1024	381
930	327
967	311
867	257
804	246
769	234
708	215
608	241
622	208
678	206
649	208
663	210
647	230
656	276
674	367
737	363
747	364
783	497
753	531
824	511
731	542
724	521
705	495
679	455
731	423
745	431
695	402
675	392
649	356
650	313
589	313
587	308
534	353
568	333
590	331
629	374
635	379
722	483
839	511
916	517
971	545
1000	634
1010	615
1003	607
1033	707
963	674
909	673
858	686
810	677
747	608
668	650
614	634
596	640
543	633
500	670
446	626
386	558
374	585
401	588
388	593
412	642
451	671
527	764
586	888
601	956
695	966
685	979
697	1027
764	1127
711	1106
723	1027
704	965
685	940
639	916
548	908
518	929
552	892
557	926
571	884
565	888
527	808
518	750
608	732
625	724
589	768
645	873
702	907
720	977
811	1022
733	1101
715	1065
632	1053
615	1057
591	1062
589	1009
540	970
589	997
568	948
540	851
532	819
535	844
477	749
455	715
421	705
392	667
344	692
327	704
369	738
372	720
402	794
426	857
473	919
539	1025
571	991
550	999
518	1003
532	1051
509	995
469	1020
429	967
338	922
319	801
307	744
323	684
283	712
302	677
254	652
249	572
234	590
213	550
179	592
224	599
250	567
322	582
361	624
418	641
341	685
367	779
394	840
445	884
424	907
441	844
396	766
386	796
337	771
315	729
307	697
275	626
237	616
188	587
189	570
191	526
188	538
176	555
172	599
172	631
191	633
192	655
240	727
235	715
269	786
291	876
278	801
282	719
262	715
220	720
241	658
245	651
243	645
245	614
230	526
233	540
248	500
243	462
231	472
253	460
254	450
270	450
266	419
268	414
272	462
264	522
261	590
271	654
324	696
326	746
309	773
351	796
431	790
462	735
480	685
482	664
478	624
519	649
527	624
453	606
426	559
393	477
369	462
353	447
344	371
351	412
381	407
410	450
393	541
372	613
373	656
468	732
511	778
543	942
548	979
575	992
623	1035
654	958
647	942
640	864
610	798
587	791
604	755
532	768
553	735
582	688
533	669
519	658
489	692
491	691
480	659
482	686
537	701
616	756
748	877
868	954
990	1060
1037	1146
1105	1165
1066	1226
1012	1182
957	1078
910	1045
838	1042
779	908
751	797
749	802
745	778
723	699
689	718
685	725
678	722
675	697
746	662
785	686
774	693
831	671
916	688
956	660
1008	772
1123	784
1221	884
1229	907
1274	908
1348	943
1355	919
1359	940
1266	880
1135	833
1120	808
1046	817
980	797
902	737
885	707
852	684
789	674
739	669
677	701
677	725
729	737
757	760
795	856
865	898
967	979
997	1033
1000	1022
992	1021
992	1025
1045	985
975	896
1009	856
947	858
842	794
806	743
785	713
755	716
663	698
655	616
594	567
565	589
533	531
517	518
570	483
598	479
573	552
645	561
710	647
674	734
825	812
839	920
809	943
798	1037
797	982
783	948
812	945
780	934
790	827
682	866
706	897
665	810
613	770
572	792
519	697
495	696
475	685
479	684
501	726
589	739
652	813
675	865
757	935
835	913
963	965
1026	1117
1010	1226
1050	1223
1027	1228
1043	1158
1013	1151
920	1055
824	1015
807	1027
803	1013
789	1021
835	992
783	964
781	959
737	929
658	910
614	905
646	934
645	953
629	987
672	1106
801	1223
925	1326
993	1459
1083	1546
1112	1533
1133	1503
1072	1502
966	1495
943	1476
872	1412
800	1290
716	1272
641	1261
627	1189
605	1128
622	1136
559	1110
525	1062
560	1010
585	976
616	986
627	997
744	1042
741	1133
805	1190
932	1345
985	1401
1013	1512
958	1510
975	1490
941	1541
962	1526
931	1468
866	1383
850	1333
862	1269
846	1240
787	1180
781	1130
687	1086
660	1081
656	1019
702	957
711	874
675	881
651	950
718	991
725	1096
773	1203
835	1242
828	1359
846	1427
888	1378
791	1311
768	1378
805	1298
884	1271
838	1212
890	1162
860	1064
810	991
769	950
743	949
670	937
663	912
647	882
591	869
617	793
632	835
615	859
686	781
727	805
786	888
778	956
786	1090
837	1198
783	1180
782	1083
789	1087
701	1026
734	1002
717	974
714	928
648	895
641	852
629	803
607	813
577	744
632	768
597	699
573	735
621	733
666	761
675	836
746	808
733	882
811	962
941	1055
1005	1145
1054	1177
1061	1160
1060	1148
1098	1231
1116	1205
990	1152
950	1084
878	1037
905	957
889	924
781	904
774	881
752	859
699	744
610	766
602	775
547	708
563	711
606	754
639	767
718	818
782	866
894	897
963	947
1038	991
1014	1020
1086	1067
1085	1157
1082	1116
1139	1192
1063	1115
959	1019
917	1052
854	1038
846	1026
760	933
712	864
720	785
664	718
699	658
614	712
676	698
687	696
689	738
720	823
770	902
809	1013
879	1082
915	1178
951	1141
990	1078
984	993
997	974
993	986
960	965
899	922
826	903
745	831
680	715
636	667
620	660
561	555
559	566
519	544
507	504
530	497
533	464
604	438
667	435
753	532
834	615
926	645
1000	665
1113	663
1172	681
1159	684
1055	711
1093	698
1118	703
1022	593
943	528
951	540
947	516
951	519
876	535
801	508
779	467
764	462
746	457
734	422
858	429
891	478
997	508
1097	559
1272	602
1389	614
1493	646
1533	616
1606	600
1608	607
1459	533
1427	502
1322	461
1322	430
1229	495
1171	476
1150	475
1140	431
1123	410
1086	385
1006	387
962	370
884	309
853	322
862	372
911	327
995	330
1024	332
1081	341
1189	383
1254	440
1198	490
1097	481
1137	496
1051	400
1092	384
1002	374
921	389
949	359
928	384
815	423
752	396
719	370
698	319
647	330
648	349
671	335
696	336
703	343
707	357
777	373
845	374
890	408
921	504
941	564
986	551
962	573
872	651
830	655
891	660
828	676
778	649
670	612
655	616
587	612
535	563
486	518
458	546
468	541
525	541
498	505
509	503
551	496
617	576
719	589
782	553
780	647
891	772
958	848
938	841
1017	841
982	842
972	858
932	870
881	847
839	749
828	755
849	691
790	641
795	571
782	593
729	607
701	585
660	537
678	515
724	546
750	539
757	593
768	640
872	739
898	709
925	815
1071	741
1050	771
1038	773
1100	701
1120	713
1104	699
1052	741
1038	696
1058	655
1054	624
993	647
949	602
928	520
817	497
795	447
706	448
742	434
806	413
837	436
895	486
959	497
976	535
1082	609
1170	671
1291	717
1164	704
1188	739
1220	706
1204	607
1217	579
1255	574
1216	534
1225	533
1149	558
1094	574
1115	556
1072	533
1053	478
1029	442
977	474
979	450
1010	408
1077	419
1100	411
1185	478
1290	501
1354	526
1412	573
1438	620
1523	593
1547	672
1451	625
1444	634
1401	644
1305	659
1187	610
1140	576
1093	549
973	521
942	481
899	466
853	489
845	440
789	369
781	387
787	438
836	458
899	459
965	502
1032	591
1104	601
1234	633
1297	695
1377	662
1330	660
1319	594
1248	591
1280	622
1257	552
1171	508
1112	452
1093	438
1041	452
963	412
897	363
768	393
762	367
770	378
771	363
751	384
807	390
821	398
851	495
892	529
949	628
1092	650
1168	678
1058	727
1131	730
1280	737
1214	755
1223	725
1222	713
1179	679
1058	563
1024	517
966	533
936	491
888	461
894	427
812	402
777	415
883	373
921	407
924	404
1002	427
1057	448
1025	430
1151	432
1206	382
1225	443
1185	440
1103	523
1109	556
1101	581
1113	619
1093	651
1116	685
1133	573
1126	586
1131	585
1083	516
1021	465
960	485
917	466
932	518
977	522
952	558
964	598
1022	601
1094	646
1193	733
1285	815
1355	887
1464	965
1510	950
1500	1023
1526	1006
1448	968
1305	894
1268	842
1125	745
1022	694
953	685
935	662
894	659
861	587
785	562
684	562
609	562
595	543
631	512
603	558
665	598
697	643
791	723
883	888
895	987
1004	1006
1049	963
964	1082
1024	1137
979	1082
1018	1045
950	959
921	949
883	852
860	808
839	782
787	751
761	696
748	739
707	721
693	686
728	675
698	808
717	844
714	860
775	970
840	1139
932	1202
955	1213
1123	1322
1139	1327
1049	1290
1019	1298
999	1294
980	1378
859	1267
729	1169
764	1168
736	1115
748	989
741	891
720	817
739	721
721	693
671	680
673	688
673	658
689	692
717	818
760	817
858	923
926	1049
964	1100
1003	1257
991	1217
955	1226
963	1270
844	1250
793	1143
706	1145
598	1055
577	924
565	953
537	825
499	814
408	781
467	793
394	809
380	818
391	819
328	867
327	909
308	972
395	1113
418	1275
395	1432
474	1574
499	1668
535	1623
491	1599
528	1639
559	1635
556	1571
604	1523
621	1414
569	1377
597	1278
539	1244
527	1198
398	1143
394	1106
392	1069
387	1009
373	939
328	970
262	982
305	1019
364	1050
402	1119
390	1253
414	1338
419	1482
434	1391
477	1308
493	1383
482	1304
492	1219
494	1187
489	1063
483	1019
464	958
422	907
414	902
430	845
412	835
384	779
394	726
368	700
372	730
339	762
377	763
398	734
435	812
455	921
420	1027
395	1095
372	1080
347	1109
340	1073
336	1078
258	1048
235	1002
214	961
197	904
205	863
201	796
198	745
207	772
215	692
227	662
245	672
260	646
251	646
280	646
332	728
349	810
347	777
380	804
417	906
499	1040
493	1037
481	1079
498	1129
437	1078
444	1065
527	1057
516	1063
473	970
457	943
436	915
405	885
375	820
386	818
371	759
393	696
363	629
390	615
381	595
453	606
533	667
568	761
612	836
621	947
633	1030
664	1060
662	1028
706	945
673	897
622	820
606	846
552	808
538	820
548	785
515	757
530	705
573	689
543	659
494	691
490	680
509	683
462	705
489	742
538	762
553	812
627	921
732	990
745	1161
864	1212
901	1317
955	1237
1011	1215
1010	1152
942	1053
901	991
825	926
801	917
813	909
813	887
797	894
762	857
684	831
605	857
601	806
645	729
672	781
701	786
734	731
762	714
806	766
908	806
1023	821
1024	899
923	958
968	950
1039	873
982	844
1005	848
921	822
817	807
711	794
711	722
643	680
636	691
557	617
545	569
545	561
554	574
515	614
499	644
481	667
521	629
547	666
579	777
678	898
692	967
711	1031
698	971
755	968
729	930
710	962
709	941
709	880
664	843
569	804
565	764
600	699
546	657
544	665
520	621
498	543
492	517
472	543
436	522
460	530
466	587
452	641
428	679
480	683
468	731
524	838
490	878
522	876
499	875
456	788
428	795
469	765
442	794
479	755
465	732
459	663
452	665
487	604
422	623
383	554
405	527
458	519
471	552
501	554
553	527
622	505
686	622
618	713
574	741
662	812
657	845
583	847
614	773
628	784
573	761
552	730
469	671
458	573
472	543
448	534
389	579
384	533
404	473
393	490
388	411
390	373
389	388
367	377
383	339
348	393
414	392
421	505
479	475
548	496
552	542
605	547
647	504
622	518
523	397
577	347
533	371
489	349
444	351
503	362
478	356
450	349
436	326
426	342
450	340
420	299
442	308
425	313
447	313
471	356
532	412
559	478
605	529
633	594
607	558
540	477
493	480
491	509
512	452
473	429
456	413
445	331
484	276
484	235
456	229
404	244
384	257
408	217
378	258
362	238
338	251
347	274
344	286
373	330
397	358
415	425
414	416
449	416
400	363
437	403
374	406
427	371
378	355
389	321
398	341
406	312
373	301
354	289
297	293
300	279
272	252
254	270
293	258
290	229
336	198
353	263
365	226
352	284
330	351
396	297
424	358
468	425
465	474
440	396
513	474
486	485
494	475
508	464
501	515
484	426
480	414
471	438
476	406
456	402
414	345
367	307
328	311
349	319
312	342
333	358
308	387
333	437
327	493
379	546
458	630
474	714
466	736
453	678
481	584
451	558
379	570
395	588
390	592
345	516
336	461
262	438
245	390
299	316
292	282
263	272
248	226
223	244
254	241
255	212
355	198
349	207
362	240
371	222
449	295
544	309
556	358
517	374
527	383
499	388
536	409
538	419
504	426
494	447
478	448
437	407
418	368
421	389
387	381
432	391
433	368
423	402
464	411
484	400
562	409
672	446
765	455
885	503
908	511
1026	472
1069	514
1069	556
1070	620
1012	642
1000	649
970	634
853	529
756	447
638	372
586	298
534	295
506	287
415	269
381	247
324	208
330	211
374	203
320	208
371	211
421	226
368	269
393	236
384	250
408	299
377	254
378	275
371	250
392	256
358	279
356	233
323	242
329	273
327	279
325	277
307	289
318	317
304	305
309	308
290	342
331	332
312	364
333	344
382	356
378	311
405	360
419	389
459	371
483	406
488	381
525	314
546	284
468	243
477	200
529	225
537	200
527	190
484	237
491	243
451	213
472	208
490	203
497	186
486	179
489	206
504	240
507	269
585	302
671	309
751	350
731	453
848	491
830	460
782	443
768	416
755	368
644	362
644	396
617	409
534	419
487	414
546	381
507	315
437	349
340	372
334	344
330	333
352	340
374	331
357	308
366	300
346	331
379	368
460	488
497	558
555	567
643	534
642	536
647	536
664	537
663	507
651	497
714	517
661	508
638	398
562	366
502	383
505	329
475	344
477	300
459	271
468	242
465	198
446	192
496	222
481	226
550	223
602	249
627	294
699	318
681	327
769	324
720	327
727	363
715	325
675	294
662	295
616	298
664	254
611	295
624	282
604	233
586	218
547	203
488	190
465	202
477	233
516	250
509	230
517	247
555	258
600	342
631	392
617	368
598	378
580	350
530	350
565	399
522	407
559	371
509	407
476	301
488	306
466	336
513	306
455	284
403	326
439	323
486	291
415	237
480	212
500	190
504	184
555	219
589	243
667	214
791	274
815	291
850	343
824	342
815	347
904	363
964	433
932	439
894	394
817	385
766	335
707	324
706	306
645	300
589	295
590	278
592	255
514	225
553	256
559	261
567	263
599	320
679	360
767	395
821	494
913	515
1016	597
922	576
892	577
840	543
804	539
810	508
734	472
666	450
545	462
544	428
515	409
474	382
506	337
556	336
568	313
546	312
558	275
571	283
599	301
647	340
689	325
710	349
741	401
777	465
879	503
813	528
733	505
709	555
702	472
716	487
630	458
637	448
570	437
553	419
495	416
485	397
451	380
400	356
394	342
368	303
373	265
393	283
400	311
445	333
502	357
543	365
629	387
673	474
743	449
792	435
745	488
697	511
722	457
683	448
704	449
668	451
647	414
585	369
613	363
597	341
565	380
552	316
487	319
480	306
478	338
461	342
496	369
462	376
466	420
489	479
593	546
553	640
606	734
595	689
635	669
552	755
522	755
564	794
504	725
503	672
470	639
499	580
520	575
514	587
458	579
465	529
447	471
403	430
408	439
446	450
444	510
429	578
425	687
439	752
483	838
524	909
529	1003
550	1163
540	1247
544	1280
494	1185
450	1196
401	1128
434	962
451	909
463	923
458	823
465	750
458	727
443	711
436	718
424	632
395	592
421	640
388	702
427	699
448	787
532	809
617	915
588	959
634	1005
726	937
724	846
649	884
599	816
611	828
637	807
676	767
626	678
584	614
561	616
536	605
482	597
462	601
454	618
418	620
406	668
386	687
395	742
453	745
463	761
529	762
515	858
607	892
630	928
705	941
711	1017
685	1087
684	1078
710	1055
659	1051
594	1096
630	1037
583	983
553	966
526	920
474	888
462	863
453	888
480	854
454	880
462	898
484	949
523	971
556	1056
573	1118
668	1255
875	1352
815	1473
747	1435
780	1380
667	1341
612	1279
619	1297
549	1281
515	1119
496	1043
481	986
428	930
352	919
298	882
305	762
279	719
286	704
288	706
259	685
345	737
338	776
348	770
384	855
444	898
520	886
584	941
616	891
628	925
577	820
588	790
538	805
550	795
520	785
426	758
409	717
402	700
426	620
410	573
450	571
453	509
443	554
430	583
441	570
444	595
512	642
547	690
628	806
722	871
780	935
845	1028
880	985
790	1040
777	970
818	964
804	929
728	944
699	905
712	853
605	804
632	701
554	717
498	700
491	667
511	574
489	513
455	501
462	491
509	493
530	464
619	507
665	534
790	635
903	658
986	691
955	618
982	625
1007	629
954	601
1001	559
1052	524
967	472
930	478
843	490
827	455
757	448
714	402
587	385
581	368
519	371
484	333
553	348
632	337
650	332
629	388
673	372
655	391
691	460
711	557
665	603
638	535
608	612
606	617
540	654
524	646
514	639
537	635
534	551
506	524
463	467
414	441
401	438
401	451
405	447
433	380
413	427
428	411
400	458
421	514
426	522
445	561
403	615
432	704
421	671
402	715
461	722
364	734
432	734
421	686
386	622
349	637
329	586
288	569
281	588
295	526
287	483
318	496
295	501
257	538
275	509
282	537
255	521
263	606
317	627
376	677
384	698
403	760
452	825
431	794
491	777
454	794
392	839
461	769
437	773
368	701
342	694
334	673
320	581
286	572
278	623
271	623
264	599
266	600
264	576
263	547
321	577
332	571
375	611
397	664
421	727
512	710
520	756
624	752
642	669
632	635
568	607
594	596
531	610
507	556
500	503
499	475
523	433
467	432
418	460
379	448
390	474
407	479
426	486
451	470
490	478
563	491
643	538
707	568
819	644
797	750
754	763
770	763
722	741
703	698
671	711
600	707
604	661
558	630
546	565
529	489
499	491
470	473
461	452
486	441
491	419
501	454
496	479
527	557
598	554
644	574
711	659
739	742
834	731
833	818
759	825
821	808
807	835
768	846
665	815
615	818
554	792
564	786
554	695
549	726
503	688
539	645
538	643
513	647
489	564
539	554
584	602
588	618
625	637
630	702
626	795
656	850
683	850
627	847
579	913
630	871
614	885
568	879
532	784
524	813
529	834
528	761
474	710
423	671
397	636
412	593
395	584
413	544
405	528
445	512
515	524
548	510
607	523
670	580
685	624
758	658
786	664
846	777
825	778
784	808
752	788
633	775
604	715
561	697
479	616
439	628
400	618
392	473
345	522
374	464
362	384
307	416
309	375
334	343
365	373
386	407
369	414
416	468
455	559
526	642
615	691
690	777
700	780
753	836
738	765
782	749
714	700
640	707
538	636
578	620
556	586
547	530
511	514
470	509
452	453
430	470
404	514
422	511
472	534
526	562
547	566
565	613
624	646
652	699
678	787
720	779
715	785
711	843
682	836
720	780
738	792
678	780
683	760
679	679
630	562
571	523
572	568
543	511
485	523
502	551
496	555
426	567
440	585
452	590
516	628
573	662
657	684
754	729
798	759
822	789
817	808
786	839
844	797
914	759
856	720
793	727
718	782
630	798
651	684
654	627
621	653
559	668
530	657
540	619
486	623
468	592
489	658
523	664
538	707
526	794
587	796
645	834
689	907
660	997
620	1101
669	1058
630	1047
646	967
664	1008
631	973
585	907
573	834
546	792
459	762
457	753
395	747
341	719
320	651
301	637
281	629
257	656
266	682
261	663
272	692
312	751
410	867
431	901
539	904
566	897
587	901
570	985
517	1008
551	991
577	989
492	880
507	963
510	867
430	744
379	765
324	645
260	586
279	586
253	604
280	628
305	650
262	654
281	579
245	666
251	758
297	887
333	963
313	1071
288	1094
329	1139
281	1092
275	1043
257	980
270	924
235	890
195	853
138	789
133	746
94	680
94	631
109	635
95	576
114	565
105	569
126	573
149	596
184	580
240	640
324	741
362	726
374	758
370	846
377	843
367	801
376	819
399	773
368	734
355	699
339	642
354	660
331	697
322	611
343	536
341	590
300	536
288	466
304	507
279	504
278	492
293	506
315	511
338	532
368	537
421	556
447	609
470	631
450	619
432	607
482	555
470	470
470	454
441	472
441	451
407	407
372	400
386	376
392	358
404	300
405	314
435	349
427	328
380	379
379	401
388	426
401	416
360	465
394	516
438	530
502	627
520	712
550	718
490	737
532	647
494	581
481	595
446	467
421	454
319	458
292	415
265	403
259	409
253	394
198	413
164	413
159	430
178	405
141	410
167	439
180	356
192	369
231	393
240	425
256	417
283	418
269	367
252	439
240	432
251	442
301	483
330	476
329	488
314	477
339	510
338	550
277	570
246	536
239	503
239	493
231	457
235	475
214	461
212	495
242	461
226	465
239	471
294	474
329	584
275	581
319	603
289	603
285	578
321	501
288	447
300	527
254	479
340	427
330	390
296	358
272	376
244	370
238	333
246	339
200	384
244	356
240	380
242	393
242	408
286	420
314	434
341	465
388	559
482	625
458	666
487	702
496	764
471	659
454	672
413	649
351	641
349	644
323	586
336	563
306	563
309	554
293	501
276	505
285	471
286	487
271	468
279	463
284	515
281	507
308	497
348	506
357	582
392	641
409	695
424	660
452	694
487	693
457	709
397	715
392	730
370	660
326	608
343	556
352	566
334	568
297	560
336	537
333	530
316	487
384	454
390	497
467	559
466	572
459	617
507	618
548	701
619	764
565	781
545	812
570	821
514	759
450	734
469	651
437	678
407	629
403	617
406	652
367	612
322	606
321	622
280	616
277	619
284	634
305	628
308	655
354	699
340	740
372	821
400	807
428	873
467	903
453	915
418	930
474	927
408	933
439	875
472	837
462	871
392	846
402	855
385	808
365	815
313	789
317	762
348	723
306	718
351	702
327	656
372	650
370	676
399	704
409	714
482	789
516	843
596	947
594	1033
593	961
653	884
637	823
658	835
653	752
573	729
524	737
482	685
543	625
579	570
573	537
492	515
481	473
471	467
443	485
449	468
528	549
574	607
584	613
666	638
716	804
743	831
871	927
851	953
804	966
797	974
840	970
816	918
695	844
702	845
664	765
624	765
603	770
593	760
546	764
564	704
514	694
446	661
496	665
550	652
546	742
599	772
575	825
680	866
768	922
777	969
862	1025
822	954
841	989
895	960
818	919
823	899
873	795
803	772
789	686
779	655
770	629
797	638
733	543
765	483
729	498
713	511
737	520
771	504
791	487
763	553
837	620
838	664
936	758
985	832
1041	935
1060	878
1176	858
1107	831
1094	822
1085	813
1043	904
966	817
910	707
858	729
867	656
825	571
802	541
723	475
638	450
600	455
597	452
532	406
524	418
637	463
677	479
755	513
744	581
779	590
831	639
919	577
929	622
1016	648
991	617
1013	615
984	583
929	525
925	521
878	527
770	501
730	502
647	554
602	548
549	515
508	528
482	477
515	492
562	530
605	574
690	633
672	700
739	758
817	786
942	846
954	811
913	779
883	848
815	851
753	817
764	739
851	661
786	709
771	731
671	698
673	632
668	541
650	514
646	465
642	474
611	482
590	542
612	649
635	697
702	797
861	929
918	1013
1069	1119
1185	1224
1225	1205
1148	1174
1131	1173
1059	1208
965	1230
912	1215
875	1130
829	1119
739	1069
752	1068
672	1072
602	1047
502	985
536	921
495	852
540	789
545	797
532	829
544	902
652	1021
734	1120
734	1318
829	1450
893	1631
759	1639
722	1597
678	1619
724	1582
749	1546
758	1437
720	1389
743	1341
712	1276
653	1099
561	1094
507	1036
490	929
543	919
519	945
528	921
503	916
508	914
522	987
585	996
708	1105
768	1110
839	1132
942	1184
920	1227
996	1316
1029	1336
988	1239
939	1208
931	1134
876	1064
804	1040
730	1071
707	1030
659	927
647	916
569	916
534	908
538	913
508	855
485	836
502	880
592	969
619	1002
595	1099
688	1242
756	1396
884	1449
896	1463
997	1471
1064	1501
975	1448
921	1372
948	1325
881	1285
815	1246
800	1153
790	1041
734	984
686	927
704	883
634	844
546	800
547	794
615	825
618	849
640	830
741	851
821	1002
895	1078
942	1186
971	1234
889	1299
826	1346
887	1397
780	1243
672	1276
660	1188
614	1117
625	1027
654	1015
642	1000
653	981
578	895
550	849
541	805
483	766
413	799
385	799
385	816
375	818
421	894
432	992
487	1120
538	1250
643	1363
688	1347
721	1244
745	1333
700	1299
637	1234
695	1171
636	1140
613	1013
598	1024
548	997
512	957
451	879
431	859
445	802
447	786
392	767
363	770
346	837
338	895
374	919
405	952
475	1065
511	1256
548	1310
473	1235
420	1186
445	1326
441	1310
440	1318
346	1297
308	1147
311	1145
277	1169
246	1088
280	1072
277	967
244	904
259	911
239	893
246	825
245	825
299	888
348	875
371	966
379	1095
371	1161
355	1223
407	1337
411	1317
388	1308
408	1374
376	1344
396	1341
387	1272
397	1232
355	1208
336	1127
340	1096
278	1109
242	1065
211	966
186	923
142	911
152	929
122	983
151	1023
190	1133
198	1141
198	1247
236	1330
278	1420
293	1496
324	1477
383	1452
418	1384
407	1297
422	1280
436	1149
450	1092
443	1089
372	1042
386	1026
390	1012
348	972
339	948
330	941
294	905
299	870
300	833
301	863
304	949
319	1004
351	1017
405	1085
410	1168
469	1261
529	1267
509	1186
563	1192
601	1154
592	1083
514	1070
462	1079
476	1038
408	987
422	940
408	970
361	963
334	873
325	832
315	736
326	822
395	870
355	869
399	938
428	1028
437	1131
416	1272
472	1404
457	1525
444	1465
508	1539
539	1572
431	1512
393	1528
451	1462
497	1301
463	1233
461	1188
480	1121
430	1129
392	1086
400	1017
390	937
419	910
445	882
397	823
433	900
445	971
441	960
467	1096
525	1194
561	1272
570	1327
600	1357
574	1415
648	1418
640	1352
742	1340
721	1267
734	1273
669	1257
634	1221
604	1098
599	1037
582	1025
594	920
563	870
542	801
526	854
549	905
548	925
592	1041
604	1105
717	1185
749	1305
844	1401
834	1471
885	1562
850	1603
749	1637
703	1587
710	1553
663	1405
637	1289
652	1309
596	1261
618	1155
544	1131
515	1048
504	992
493	952
486	964
500	936
523	954
573	1016
565	1135
620	1197
747	1262
856	1356
950	1468
965	1491
921	1456
930	1449
1043	1473
1078	1491
1062	1464
1045	1384
953	1355
916	1295
877	1259
823	1185
824	1124
728	1085
672	995
652	974
678	932
659	922
637	892
652	909
730	1000
771	991
826	1016
956	1152
1066	1199
1130	1367
1131	1311
1089	1315
1092	1412
983	1345
1017	1267
1079	1125
1087	1143
1014	1177
980	1152
942	1091
879	1005
780	974
707	900
658	866
672	811
680	853
650	858
698	930
751	984
779	1046
821	1194
863	1296
924	1399
972	1522
1039	1544
1023	1526
1006	1512
1003	1430
1036	1353
938	1310
929	1133
873	1070
844	1026
779	971
717	979
697	888
724	763
665	769
652	764
705	735
727	763
764	845
791	864
832	832
864	939
876	1005
994	1129
1060	1275
1111	1258
1083	1309
1006	1389
1020	1334
1009	1307
932	1271
833	1195
856	1266
807	1138
771	1146
743	1175
752	1125
734	1053
688	1048
637	999
616	990
636	983
617	1095
707	1134
733	1256
857	1365
922	1434
1031	1616
1188	1628
1093	1661
1072	1656
1156	1715
1181	1638
1186	1530
1183	1520
1055	1360
1019	1296
970	1215
922	1179
893	1121
824	1068
785	1015
745	974
749	913
752	861
791	860
843	863
865	991
930	1030
952	1105
998	1168
1027	1229
1144	1242
1086	1283
1054	1198
1111	1262
1130	1207
1202	1146
1027	1066
879	919
768	878
696	866
680	810
630	843
591	840
549	779
545	757
538	771
520	782
503	781
520	842
532	876
589	967
678	986
754	1135
781	1217
816	1298
819	1225
896	1177
911	1232
882	1172
992	1153
1019	1154
983	1130
1052	1086
1029	1034
1047	1077
944	1031
892	964
886	857
907	780
814	773
891	761
902	771
859	779
873	817
915	901
997	988
1109	1103
1228	1117
1314	1143
1324	1114
1265	1093
1255	1019
1151	908
1058	908
1103	848
1058	782
1049	757
1018	643
940	619
909	580
858	563
778	554
802	527
833	531
797	477
809	478
905	502
986	544
1017	572
1091	605
1222	645
1279	759
1377	865
1363	795
1377	795
1358	822
1351	808
1295	808
1212	739
1108	792
1084	789
1075	675
993	641
868	534
829	477
767	446
743	419
713	393
686	366
764	355
803	359
834	404
954	442
1053	418
1075	465
1141	471
1220	536
1247	439
1222	482
1253	534
1208	517
1147	502
1198	528
1021	521
1004	527
981	469
947	454
903	511
824	472
776	510
779	492
742	472
741	449
723	442
815	485
811	540
889	544
971	665
1069	704
1167	749
1206	818
1231	791
1214	835
1287	902
1269	845
1293	776
1250	714
1195	631
1120	642
1016	551
1022	514
927	468
915	479
854	485
856	440
851	475
848	503
829	521
873	535
949	576
1037	653
1120	667
1130	742
1216	827
1326	876
1261	871
1219	899
1246	920
1150	941
1114	959
1074	885
1008	849
970	809
911	802
935	752
940	771
933	681
909	707
880	654
861	633
830	637
875	606
925	673
1018	747
1020	840
1057	921
1140	962
1213	1006
1393	1097
1335	1133
1373	1136
1344	1099
1327	1076
1344	1083
1221	1110
1155	1092
1145	1041
1124	945
1043	933
947	944
915	930
857	928
792	909
693	900
700	795
737	743
750	793
726	870
767	980
830	1079
849	1178
968	1212
1069	1328
1040	1210
1095	1304
1123	1205
1071	1162
964	1160
925	1169
857	1106
740	1073
689	1073
697	1071
716	1006
672	968
632	902
617	868
558	842
597	825
618	900
661	936
664	911
741	941
811	1009
818	1148
899	1263
984	1270
1106	1286
1165	1263
1116	1251
1067	1227
1038	1196
963	1116
922	981
811	993
776	896
764	824
709	721
564	684
533	662
524	665
542	616
537	699
566	727
646	794
705	817
718	892
780	1014
813	1126
847	1127
952	1287
927	1329
891	1321
942	1333
942	1386
827	1422
747	1277
702	1204
610	1154
566	1133
566	1042
522	986
484	898
459	839
471	869
465	811
485	776
501	795
510	844
583	892
638	942
691	1004
768	1046
810	1192
924	1211
941	1212
978	1277
978	1155
1022	1132
1057	1126
1022	1086
1022	1000
920	956
940	905
849	922
772	866
700	830
657	795
612	807
507	818
451	827
442	805
450	863
472	904
477	935
518	1003
555	1029
579	1105
655	1219
692	1284
724	1212
721	1191
693	1145
651	1129
641	1096
653	1054
588	1013
563	962
611	941
541	924
426	896
424	862
416	902
399	866
357	812
345	811
345	821
347	893
396	949
436	1051
485	1142
541	1157
526	1209
578	1182
599	1217
643	1206
636	1163
657	1100
653	1177
618	1047
541	1016
552	1065
507	983
478	900
451	817
414	776
394	702
387	675
382	646
404	663
466	677
456	724
526	713
542	758
575	782
651	910
617	1000
609	949
579	927
642	897
693	910
734	859
743	861
710	890
643	863
633	825
660	785
644	718
582	681
553	676
588	667
524	648
558	609
563	624
577	636
611	684
670	795
770	836
843	828
889	865
924	872
850	857
795	911
836	872
813	892
750	830
694	796
642	863
585	877
555	927
547	890
572	914
537	897
483	857
464	801
465	803
447	801
453	810
470	849
468	884
463	943
498	1050
573	1030
571	1061
570	1182
552	1071
575	1110
491	1114
441	1036
390	1053
332	967
308	941
302	864
289	837
337	789
317	765
336	763
309	747
278	744
281	711
303	748
282	793
327	913
367	970
376	1012
434	1172
467	1304
521	1402
624	1430
702	1399
724	1442
748	1482
793	1498
850	1464
789	1437
814	1294
767	1258
712	1156
676	1092
628	1056
602	1003
672	921
636	911
586	879
562	924
512	922
531	951
552	982
619	1071
599	1170
659	1211
643	1385
656	1569
564	1548
550	1567
595	1485
549	1434
534	1435
533	1395
565	1428
549	1377
545	1305
505	1293
393	1241
321	1238
318	1145
285	1091
325	1083
311	1079
300	1069
341	1094
330	1120
337	1253
350	1404
418	1599
417	1755
496	1887
501	1911
464	1920
492	1909
514	1822
405	1862
416	1823
437	1780
445	1686
408	1609
402	1428
413	1359
406	1272
426	1210
444	1197
409	1170
445	1157
395	1124
425	1142
428	1142
430	1230
411	1317
454	1394
498	1507
531	1547
558	1614
553	1612
563	1592
621	1591
520	1537
544	1415
520	1233
465	1222
476	1097
456	1034
442	922
458	877
463	850
500	829
515	769
524	727
518	727
532	755
556	757
627	751
676	787
715	779
782	809
748	822
728	824
829	845
819	847
670	873
679	781
612	794
617	779
560	767
593	731
566	718
503	626
544	524
528	497
485	504
458	476
484	461
499	512
482	554
538	585
550	605
644	558
646	625
657	668
616	755
671	878
627	950
604	902
522	934
544	920
535	904
521	912
477	866
484	800
464	755
441	694
440	641
397	585
394	554
372	545
368	515
353	515
391	558
415	580
459	589
461	621
449	670
452	675
495	656
507	656
436	710
352	711
320	691
297	688
278	736
271	749
264	648
270	604
307	590
299	497
254	532
252	529
241	564
241	558
239	603
236	573
260	560
327	621
347	606
405	643
409	675
415	679
498	732
397	735
450	699
441	750
418	826
416	738
359	690
319	659
293	639
308	723
317	643
332	602
300	502
308	500
296	503
299	508
287	511
295	548
297	558
326	685
367	770
332	825
414	882
450	1019
533	1131
520	1112
463	1127
493	1111
493	1077
507	1068
523	1061
558	1057
497	1008
480	992
498	942
472	886
477	848
456	846
451	823
407	807
424	819
457	891
474	907
506	926
565	972
611	1129
743	1219
733	1240
748	1339
749	1302
714	1250
671	1257
630	1105
720	1024
665	1002
666	895
654	800
595	819
569	791
534	688
489	673
420	670
437	603
393	522
398	513
451	549
452	602
454	605
499	688
594	725
670	792
693	846
864	903
901	930
911	881
951	880
975	923
926	843
922	843
881	799
876	725
802	650
801	653
807	586
673	549
681	510
711	501
684	502
681	506
706	528
719	570
744	621
833	649
868	748
1026	815
1123	841
1158	931
1119	944
1124	961
1063	1052
1069	1009
1070	1068
1045	1042
971	948
910	840
807	787
757	779
727	799
696	775
632	735
633	696
609	676
585	660
578	705
642	740
763	809
824	846
839	891
920	941
993	1005
975	1080
991	1002
1009	982
997	1001
973	962
872	924
829	901
778	811
728	781
688	781
667	717
664	616
584	642
562	590
547	571
501	506
496	486
531	483
561	518
608	577
614	622
628	641
697	662
725	745
816	817
803	763
841	710
792	783
711	832
743	891
662	863
560	820
454	769
387	759
401	690
366	622
379	606
381	589
403	546
394	534
414	454
412	448
416	478
397	520
457	553
458	570
476	528
610	594
691	681
781	703
821	761
828	768
755	706
699	638
638	569
589	585
563	606
538	559
561	538
572	501
544	424
520	405
498	370
492	394
523	384
485	371
430	390
472	428
510	391
486	485
541	564
526	612
577	659
631	698
678	744
666	727
627	718
611	722
601	718
569	690
527	593
532	585
537	615
474	582
458	559
457	522
399	507
378	490
431	509
465	525
495	531
575	574
717	624
769	643
837	691
962	696
1017	809
1032	781
1040	880
956	892
939	840
933	894
965	813
893	760
841	733
889	642
752	599
707	640
637	648
564	674
549	673
555	610
558	598
567	602
678	720
680	798
706	795
755	812
831	834
945	849
1007	836
1042	906
992	985
971	1038
963	990
904	1081
771	1064
697	1073
629	1046
561	1018
517	1018
471	996
443	938
384	867
427	810
430	744
459	741
485	769
502	789
562	837
627	888
691	982
694	1016
691	1097
664	1180
642	1197
594	1096
625	1179
677	1141
682	1154
698	1182
621	1088
655	1015
591	937
531	896
484	869
507	812
479	797
464	716
434	658
407	648
346	670
382	729
432	759
426	844
453	913
519	994
598	1129
747	1122
758	1090
761	1103
751	1072
761	1012
831	1064
900	1008
785	916
772	890
722	834
665	692
634	664
659	695
572	613
556	586
517	533
485	545
536	563
515	556
563	552
570	590
682	694
783	697
809	725
877	697
934	686
983	762
948	747
981	714
992	673
978	689
1004	660
938	699
964	712
930	633
845	635
887	587
865	599
829	635
812	593
819	543
825	524
835	480
894	593
955	657
986	671
1057	697
1086	763
1050	797
1046	832
951	873
1006	1003
1031	881
1046	846
1001	856
1010	810
1042	696
1049	662
1040	606
989	572
993	522
920	534
904	510
882	474
846	479
861	534
957	543
952	543
1057	541
1076	577
1248	618
1382	614
1492	569
1509	552
1504	599
1541	731
1492	645
1459	677
1366	627
1341	626
1187	626
1136	566
1100	551
1057	513
990	504
893	499
839	510
815	456
857	461
895	491
970	519
985	570
1102	685
1236	743
1300	798
1505	817
1649	840
1551	862
1534	887
1599	906
1483	846
1441	918
1410	909
1312	857
1238	827
1173	765
1095	781
1068	774
1035	766
940	748
959	704
977	667
973	666
996	688
1004	656
993	700
1030	708
1172	787
1216	895
1335	824
1346	834
1380	794
1351	904
1457	928
1412	940
1364	986
1339	893
1219	882
1145	859
1165	798
1150	725
1104	719
1084	624
1030	584
958	622
906	604
919	616
919	621
992	621
1040	684
1150	735
1300	864
1467	956
1589	1014
1616	1124
1598	1135
1666	1111
1697	1095
1651	1020
1603	990
1565	946
1450	951
1305	913
1273	911
1191	827
1123	853
1058	776
1065	771
1042	762
1019	705
1024	723
1070	691
1108	713
1125	796
1197	806
1358	791
1469	804
1594	936
1717	1082
1688	1084
1661	1113
1603	1092
1582	1123
1548	1110
1473	1090
1383	1073
1360	1113
1315	1033
1192	942
1154	878
1092	869
1045	830
992	808
945	753
932	764
919	813
996	847
1049	856
1098	874
1169	893
1240	1006
1344	1058
1357	1110
1361	1075
1240	959
1308	962
1350	923
1310	899
1245	854
1177	731
1106	693
1012	631
945	613
934	586
889	544
861	596
874	602
840	548
889	536
921	575
977	563
982	550
1012	611
1092	725
1173	796
1250	813
1431	824
1385	803
1374	806
1310	858
1241	765
1266	795
1214	787
1172	649
1162	565
1109	474
1029	440
979	456
961	488
942	454
883	450
840	474
826	475
818	440
781	416
811	426
826	450
949	524
1027	589
1050	678
1111	751
1024	759
962	704
1005	754
1010	760
1017	781
972	753
945	686
904	632
806	564
792	540
765	514
726	494
718	485
733	481
713	482
669	382
696	361
753	375
804	410
822	483
891	586
921	687
1016	661
959	725
961	702
1009	592
1055	592
1039	536
1071	571
990	562
961	594
908	585
830	561
833	636
874	604
867	588
835	595
821	526
773	554
823	585
822	597
827	582
793	654
793	706
847	795
959	834
1012	938
1041	1013
983	937
907	1050
982	1006
991	960
899	925
965	935
976	842
944	856
944	875
965	843
855	824
878	778
797	699
784	676
741	642
735	670
768	682
755	737
770	711
792	734
800	783
914	911
980	991
1017	967
961	1018
905	938
815	946
818	881
779	883
803	774
696	782
591	734
541	760
589	723
590	725
545	716
538	731
485	736
443	753
470	784
462	788
495	836
557	851
526	933
554	1006
586	1026
649	1042
805	1113
682	1106
656	1134
689	1081
640	971
584	920
598	952
606	909
622	829
539	767
526	709
501	641
514	586
447	570
426	523
412	509
444	525
502	526
522	527
498	537
548	569
572	662
624	733
701	873
678	920
734	875
747	729
736	719
672	706
736	670
723	631
672	639
648	606
670	592
615	548
619	551
581	489
580	396
528	384
590	418
601	419
611	406
644	441
639	494
723	476
803	478
846	556
941	613
985	617
1006	575
980	516
948	522
882	450
874	430
799	433
793	468
713	445
728	406
770	358
694	335
647	371
625	386
577	371
575	347
623	340
643	322
694	392
708	436
786	414
859	485
982	586
1209	558
1246	637
1279	592
1227	663
1189	608
1165	667
1129	665
1088	668
1015	580
926	550
870	515
786	488
799	477
745	449
766	490
730	502
640	474
643	471
678	492
675	487
741	480
830	472
894	511
993	492
1118	515
1079	548
1047	539
1134	485
1134	454
1064	475
1065	474
1072	480
1060	513
984	444
904	416
822	400
757	394
735	386
725	344
692	320
679	334
682	326
684	315
690	344
677	347
785	364
842	406
960	405
954	467
1011	492
933	485
874	518
890	594
803	548
823	534
767	438
661	475
690	424
612	439
603	468
608	498
573	442
561	448
632	409
621	382
619	348
590	364
622	380
630	387
693	413
802	431
916	441
986	406
1059	373
1135	386
1107	393
1053	427
1078	409
1126	350
1047	368
1011	369
961	335
856	369
746	395
731	384
693	400
638	418
586	386
580	358
596	341
571	393
630	394
709	369
728	422
868	453
870	460
988	457
1091	461
1072	424
1102	436
1094	437
987	455
1047	525
1027	525
992	516
942	531
947	484
936	445
933	419
933	377
912	341
887	333
852	304
835	327
810	352
880	374
937	413
980	456
1050	477
1124	498
1170	498
1090	440
1118	466
1174	433
1241	392
1190	404
1222	463
1223	452
1060	387
951	392
880	378
787	296
770	306
749	225
695	214
696	222
685	224
669	183
664	185
740	215
764	272
782	261
916	290
896	280
885	311
999	382
1033	376
987	481
991	515
991	476
979	545
991	488
1017	521
945	547
836	553
797	537
747	547
701	514
608	508
652	495
626	472
675	466
719	449
765	478
862	507
920	521
1031	596
1046	627
1040	566
1127	542
1102	525
1239	533
1186	553
1139	519
1086	482
1123	426
1064	444
991	430
927	409
882	423
855	371
735	336
675	328
702	349
649	344
653	341
638	309
636	305
614	328
672	321
768	320
865	389
950	352
1042	381
1131	394
1203	445
1263	491
1229	535
1195	532
1162	475
1097	506
986	500
966	475
907	437
822	366
801	292
756	288
716	235
754	218
761	204
738	199
754	226
795	234
808	216
887	261
993	326
1017	385
1040	356
1031	352
1075	410
1068	365
1055	376
1034	370
930	347
854	355
723	322
760	299
792	309
797	296
719	264
671	221
660	242
653	250
686	251
696	301
693	340
716	392
709	464
802	544
924	586
988	659
1085	713
1019	763
928	758
827	795
748	813
782	771
735	735
681	793
610	726
558	670
506	628
417	559
361	450
346	416
305	398
321	417
329	466
365	485
388	460
416	455
479	518
514	523
566	603
624	687
649	751
538	755
553	750
536	784
515	782
556	755
559	730
531	737
511	637
520	633
517	617
514	613
468	557
491	502
507	527
457	497
456	490
433	454
411	426
396	505
387	548
408	557
442	617
487	720
531	725
549	671
540	690
517	788
449	742
468	745
445	668
473	619
427	587
432	552
398	585
368	555
375	523
339	476
331	433
350	408
364	421
361	447
378	532
386	570
432	589
427	600
514	690
566	740
654	694
604	696
586	682
601	657
565	714
617	763
579	732
587	629
532	593
533	548
544	523
477	533
437	553
412	479
411	459
340	478
354	488
395	491
386	523
432	526
444	564
459	615
496	689
580	764
577	818
537	781
478	708
413	702
381	701
379	607
421	707
410	683
407	656
440	615
448	606
504	630
462	613
415	563
402	561
372	591
375	618
401	634
377	653
341	673
348	751
351	774
342	783
346	895
394	1002
367	987
392	961
455	927
522	901
559	919
548	861
470	806
405	753
304	702
304	652
267	625
243	626
250	605
234	594
241	569
278	535
258	525
254	554
282	572
321	656
410	696
457	858
466	922
439	1025
430	1067
448	994
517	1033
472	1039
416	984
357	943
366	904
336	921
297	905
273	813
275	741
270	682
240	667
213	676
199	628
222	637
246	635
256	640
261	626
301	680
360	743
350	752
419	860
415	875
470	839
472	816
480	799
404	831
433	845
411	788
396	695
342	684
321	637
324	656
300	606
313	560
274	595
252	553
262	506
244	536
239	548
258	563
267	554
277	555
289	606
333	672
324	767
354	896
374	962
323	1033
312	932
279	984
300	989
268	991
225	908
177	845
181	826
180	750
159	678
146	650
136	602
146	588
125	565
127	611
141	616
133	655
151	724
165	791
198	822
218	891
227	951
237	1006
261	992
260	1047
322	1101
308	1026
270	1005
190	919
249	834
236	813
214	780
185	733
165	630
168	551
139	557
108	577
86	585
80	559
67	557
67	571
57	573
61	634
58	739
75	873
90	896
113	851
142	889
111	993
106	958
120	925
132	982
112	886
101	764
92	646
84	626
79	659
77	578
82	548
90	501
104	491
94	491
104	459
111	444
95	454
85	465
106	498
119	519
135	552
189	551
191	590
201	570
239	565
239	484
262	436
286	476
194	435
185	453
223	436
210	364
186	346
147	334
155	343
131	352
147	357
139	343
160	351
183	369
175	392
180	358
223	361
245	399
285	408
317	438
355	474
364	507
335	481
376	422
396	391
378	370
373	441
443	418
424	432
422	436
411	457
491	387
435	319
441	361
443	364
418	350
438	343
427	348
392	414
378	438
366	498
326	513
372	545
388	622
421	592
410	664
410	670
408	697
414	721
439	675
434	646
421	642
448	613
415	588
453	675
465	652
452	631
414	557
418	544
397	563
455	576
514	586
509	683
584	717
661	753
734	824
820	956
897	984
965	1025
915	1013
860	986
881	942
855	962
856	1021
829	960
730	985
662	908
676	912
685	811
698	798
684	660
680	625
633	563
620	611
589	636
599	627
665	650
745	701
835	826
914	967
1037	1051
1001	1141
971	1143
887	1161
827	1239
854	1156
829	1048
774	1030
678	1041
591	1010
606	935
573	863
552	827
552	748
544	687
474	656
420	641
419	643
418	671
451	752
483	796
430	831
426	826
478	947
505	1032
545	1093
523	1147
432	1064
436	977
446	955
467	1029
434	1072
415	1057
393	995
363	1003
359	1047
331	1063
324	988
347	977
322	938
328	933
317	922
321	945
342	963
362	1006
385	1005
448	1064
537	1184
529	1149
539	1242
560	1351
591	1344
532	1303
570	1365
591	1330
597	1305
481	1263
467	1194
392	1145
352	1141
312	1122
250	1097
218	1063
206	983
223	900
194	874
188	871
152	818
160	830
161	857
166	880
193	989
188	1113
223	1131
273	1254
369	1239
412	1304
449	1238
429	1178
449	1129
370	1028
323	969
300	916
343	857
349	792
375	755
336	724
270	727
269	692
276	678
290	727
278	736
297	790
283	901
301	939
318	1048
389	1158
450	1176
423	1253
442	1202
510	1187
495	1227
525	1188
528	1149
470	1094
443	1047
402	1009
366	977
353	899
312	833
335	794
317	797
297	789
268	748
235	692
239	667
258	714
261	777
313	855
324	995
398	1088
427	1149
491	1325
513	1296
548	1337
498	1371
495	1328
509	1291
445	1265
439	1174
396	1078
369	1036
328	979
304	948
302	939
290	925
345	865
341	806
340	783
344	781
336	814
373	884
463	977
512	1127
545	1198
616	1337
581	1450
508	1362
538	1337
556	1338
504	1380
541	1360
511	1277
590	1201
569	1177
543	1196
498	1095
485	1012
437	970
409	936
375	916
344	918
372	938
342	978
404	1033
435	1070
473	1230
544	1333
635	1441
712	1467
760	1591
664	1520
704	1555
743	1633
726	1608
762	1547
673	1500
602	1429
554	1344
540	1286
460	1223
421	1225
360	1166
365	1104
346	1054
364	1036
340	1088
349	1157
315	1205
373	1244
384	1298
510	1451
480	1566
539	1665
584	1767
571	1800
613	1822
594	1839
550	1755
524	1682
562	1581
600	1492
550	1456
542	1425
547	1381
566	1307
533	1219
554	1182
528	1164
510	1125
462	1154
475	1129
460	1186
531	1245
577	1379
663	1445
823	1599
878	1762
849	1948
839	1990
868	1993
875	2000
887	1996
863	1966
792	1871
756	1742
681	1735
601	1665
558	1518
500	1429
484	1380
431	1306
413	1237
424	1226
452	1216
485	1242
508	1315
525	1353
586	1408
692	1535
723	1572
759	1695
779	1833
778	1778
829	1785
949	1784
946	1749
947	1725
891	1631
804	1465
765	1391
722	1367
720	1270
696	1250
675	1221
626	1127
682	1104
677	1020
652	1035
693	1057
683	1037
683	1040
718	1062
819	1162
921	1298
971	1314
1005	1446
990	1449
899	1517
868	1512
850	1503
808	1483
805	1408
845	1303
738	1224
632	1118
633	1012
635	1001
626	931
614	947
586	863
555	803
547	787
568	838
629	936
651	955
649	1035
716	1115
705	1209
736	1356
783	1524
842	1424
790	1422
829	1421
835	1373
855	1316
830	1295
738	1172
707	1050
687	1098
590	1153
599	1063
628	1021
581	1010
536	948
482	954
542	934
528	911
515	1005
535	1079
552	1144
543	1270
608	1451
595	1535
589	1636
608	1619
634	1672
632	1704
666	1596
676	1577
618	1561
544	1532
606	1441
562	1315
497	1248
485	1164
456	1018
452	942
461	844
474	786
424	796
421	879
452	959
489	1018
582	1146
623	1195
698	1266
658	1380
649	1432
754	1326
779	1361
823	1260
841	1225
873	1132
779	1054
787	1023
769	972
726	879
703	802
669	724
645	664
615	641
601	627
556	574
575	537
575	560
620	601
677	623
729	634
832	641
942	623
973	683
1000	773
944	761
1012	704
1034	766
977	765
859	820
785	737
758	687
737	615
673	608
681	606
677	554
637	517
591	491
556	459
490	417
494	455
519	489
540	495
586	526
650	565
708	665
737	745
776	791
871	852
821	837
848	876
831	835
881	913
818	897
796	945
753	918
744	825
751	786
759	761
765	738
716	680
701	603
692	573
716	601
685	610
679	631
694	623
666	629
709	658
811	664
926	700
1051	706
1063	823
1027	831
1101	869
1142	831
1137	743
1139	777
1099	734
980	611
892	609
865	643
826	652
731	686
667	672
621	544
539	500
499	480
514	472
574	480
591	448
567	419
559	418
604	469
644	451
662	602
736	580
833	549
688	633
739	634
685	694
683	726
606	743
567	723
579	702
533	678
474	639
437	636
385	559
426	545
371	530
317	489
288	556
252	573
273	572
330	561
350	576
399	656
439	708
471	812
450	853
457	939
423	880
534	943
545	927
566	982
540	913
501	835
422	821
377	740
385	689
366	674
394	655
360	607
348	570
347	572
364	580
391	593
412	622
420	611
435	637
523	687
493	773
496	867
459	930
477	833
492	760
483	752
475	737
423	767
442	771
404	788
352	773
351	680
323	686
341	613
310	591
231	621
255	586
226	544
212	531
236	490
263	471
301	475
302	557
328	645
457	649
460	679
529	719
503	704
516	719
524	752
560	815
531	872
492	767
440	695
447	686
462	664
462	584
415	581
328	591
259	540
228	542
227	483
232	440
238	435
277	421
289	455
291	517
298	531
325	569
341	644
351	745
304	711
268	693
288	786
263	742
254	788
235	760
244	782
227	797
236	830
205	764
183	685
177	629
174	617
176	572
175	538
186	591
191	622
235	668
271	639
336	692
419	752
384	827
428	864
432	948
425	1014
404	1014
416	950
470	974
479	1027
474	990
440	882
379	820
369	833
344	821
303	784
309	763
331	745
362	711
317	668
284	689
278	679
302	669
350	721
394	743
392	842
466	939
512	943
505	942
546	944
536	952
546	986
566	1001
510	930
456	931
404	934
430	878
397	780
371	731
378	667
390	652
334	636
358	547
353	504
342	499
424	497
474	531
550	593
592	648
631	646
572	683
645	625
671	663
706	685
748	686
776	632
752	695
701	678
687	673
617	669
607	678
560	651
533	680
513	628
499	550
445	533
374	489
382	490
398	470
385	450
402	421
429	446
408	434
441	474
510	453
548	513
580	473
629	481
620	517
581	568
571	518
615	424
651	369
564	357
490	306
448	274
434	254
448	241
463	234
416	223
393	241
394	253
362	252
344	275
348	252
344	263
363	229
329	260
346	342
383	406
408	436
385	504
371	575
414	630
408	606
411	550
353	481
357	411
333	441
370	392
341	387
315	433
309	387
260	403
244	458
283	438
255	445
300	425
296	484
341	510
337	553
382	627
509	724
525	800
466	885
476	917
493	922
491	908
437	829
414	816
392	764
393	687
418	699
415	621
404	663
443	725
391	688
396	685
372	663
344	662
317	682
323	696
330	718
402	809
461	782
466	965
471	997
529	1049
570	1088
653	986
651	937
690	993
560	924
507	931
463	895
413	890
426	821
403	785
392	769
388	754
367	772
346	754
385	666
397	730
406	761
406	749
422	795
446	823
480	900
534	996
589	1138
555	1196
629	1321
627	1339
706	1451
709	1416
641	1314
555	1261
541	1233
549	1215
511	1150
383	1134
405	1130
377	1027
298	989
319	932
325	973
329	985
321	1010
348	1019
380	1004
446	1052
503	1128
612	1192
669	1270
728	1409
657	1498
701	1437
684	1319
754	1320
737	1329
696	1288
640	1258
642	1197
587	1123
483	1103
481	1048
420	991
392	945
415	874
383	869
435	842
437	867
449	829
468	856
567	898
597	888
677	1002
708	1096
737	1224
804	1363
826	1263
796	1201
844	1221
725	1194
686	1109
567	1017
590	963
567	933
633	834
600	743
543	737
541	640
520	597
480	508
495	472
525	471
528	451
565	452
602	479
646	542
733	592
722	672
808	653
850	688
854	694
786	717
814	714
775	641
751	683
718	675
721	695
643	602
582	551
588	532
610	573
542	523
517	523
498	500
510	492
497	542
499	550
546	560
613	517
715	606
822	677
893	808
995	932
1028	996
1032	994
1089	1068
1087	1134
1094	1142
989	1110
942	1095
909	1029
864	907
777	901
679	867
655	830
608	767
585	740
564	708
522	684
546	668
557	667
584	700
587	704
615	708
723	743
824	749
804	814
804	869
887	856
871	918
889	929
738	975
690	878
665	814
703	691
660	623
619	551
605	523
528	465
468	414
407	410
423	402
398	392
419	396
382	462
436	469
468	473
508	593
549	706
594	716
669	799
737	862
744	917
668	865
621	828
599	849
517	816
548	738
567	644
489	525
464	498
451	493
424	449
421	384
398	368
353	319
366	311
364	331
423	300
404	316
457	366
537	411
618	447
641	459
702	505
759	537
797	561
767	493
773	526
722	517
771	504
700	491
683	498
596	393
609	348
582	315
531	277
544	251
519	262
504	286
497	280
507	302
566	355
627	313
701	333
771	343
826	316
875	367
958	445
946	416
1042	451
998	474
966	446
870	379
898	416
915	507
858	454
889	480
883	456
816	436
792	437
787	468
814	483
874	468
823	459
795	485
809	503
890	590
923	597
988	655
1061	679
1222	782
1292	926
1395	948
1311	909
1330	971
1308	945
1203	916
1184	894
1151	790
1141	784
1148	750
1199	786
1170	739
1120	734
1009	657
935	651
881	672
829	634
840	659
849	634
850	659
894	682
969	725
1071	864
1153	975
1245	1006
1354	1117
1327	1163
1329	1181
1345	1240
1248	1167
1191	1022
1145	1016
1119	923
1051	916
1010	885
991	832
934	769
885	749
854	745
853	713
839	694
843	702
878	693
967	780
1066	787
1126	759
1255	856
1327	935
1413	913
1526	927
1488	1024
1397	989
1300	939
1284	927
1259	961
1205	904
1060	830
1021	776
966	727
939	724
889	750
858	708
772	655
706	624
673	575
664	582
608	621
588	632
609	606
603	641
683	727
688	749
720	836
858	875
806	939
856	882
847	911
768	865
760	813
758	756
693	703
668	703
680	581
701	552
717	544
662	544
682	576
659	549
640	524
630	528
626	528
626	478
665	509
660	583
749	671
851	763
995	939
1103	941
1076	955
961	961
900	909
864	945
995	874
941	872
855	804
784	714
740	662
761	650
774	614
829	617
795	561
762	533
755	473
763	497
759	505
768	491
755	512
797	576
834	627
931	663
1083	776
1106	880
1056	777
965	749
956	812
927	792
937	759
926	746
925	671
816	636
739	572
724	553
659	543
613	586
557	591
602	534
598	488
554	486
552	489
632	534
709	548
800	600
872	652
965	736
1011	782
992	831
972	743
924	786
927	854
845	723
782	663
763	560
650	584
583	519
545	477
563	438
581	441
566	470
603	411
613	404
597	386
598	412
629	375
654	404
736	467
783	525
873	583
984	647
1051	722
1091	707
1120	622
1092	682
1112	707
