805	961
859	960
843	934
781	908
734	820
741	767
750	755
671	735
679	663
693	641
674	632
676	643
674	693
706	708
749	778
800	821
890	856
1008	887
1059	954
1123	1046
1147	1146
1133	1152
1246	1210
1230	1234
1219	1191
1210	1137
1168	1066
1028	1024
1002	968
1083	906
1047	771
994	795
940	710
894	671
861	585
855	627
801	656
806	603
891	564
914	654
997	671
1089	770
1150	836
1206	851
1291	853
1220	898
1248	893
1330	1022
1284	930
1185	898
1115	882
1128	945
1030	914
986	900
930	874
892	804
758	774
734	768
685	693
695	655
757	656
753	654
778	640
833	702
883	733
914	810
970	806
973	810
1114	797
1045	809
1090	777
1044	827
1011	967
937	993
920	929
939	879
894	864
846	807
868	781
820	738
839	720
802	697
790	646
817	615
803	593
779	614
827	697
856	735
864	781
942	786
929	866
920	913
984	927
1016	829
1050	878
1105	883
1090	845
1090	878
1022	795
897	773
897	719
814	632
803	563
843	550
785	580
672	526
632	495
669	495
688	470
708	446
710	488
775	523
874	572
970	694
1172	733
1239	877
1307	957
1318	956
1251	921
1247	890
1114	887
1025	790
986	767
965	739
944	717
925	707
869	695
821	678
696	639
673	592
626	495
628	432
585	408
589	415
669	414
657	440
717	456
798	521
840	577
961	682
1030	780
1040	750
1025	761
1004	768
1005	756
1001	733
1012	725
910	640
864	580
849	595
808	612
740	540
740	529
682	518
671	499
635	462
620	463
623	484
610	504
648	489
742	496
760	592
876	592
875	685
972	794
922	843
913	854
898	880
946	851
983	830
858	851
807	806
777	836
714	844
695	742
679	675
638	631
652	577
619	561
568	545
595	506
610	511
599	578
629	581
683	722
765	781
785	944
829	1025
879	1025
789	1025
826	954
879	1025
870	1015
898	916
892	931
784	913
712	932
712	892
617	871
607	855
544	765
547	702
573	676
620	615
684	594
698	630
711	661
763	657
765	715
751	762
858	895
964	1046
1114	1181
1133	1162
1150	1180
1183	1045
1201	947
1186	893
1220	897
1155	845
1116	763
1029	709
973	661
951	566
952	595
870	575
823	494
740	495
716	512
696	550
734	544
754	541
833	534
864	586
918	606
821	662
867	739
801	817
742	825
795	860
725	817
788	789
786	716
732	651
701	569
644	511
584	478
593	471
588	445
630	375
586	299
576	251
515	254
491	221
483	227
474	228
467	256
521	246
549	321
554	311
539	345
505	405
450	430
498	493
467	522
427	566
444	534
376	475
357	488
330	414
348	412
395	436
383	414
387	395
353	399
385	421
434	453
402	453
367	423
359	436
396	469
443	521
417	530
410	570
428	533
412	533
409	504
353	513
379	491
370	489
324	452
239	399
231	335
264	329
273	312
271	313
302	298
313	293
305	247
312	207
380	202
439	194
429	213
458	192
483	208
522	217
622	306
611	377
640	424
660	429
623	452
672	517
577	491
632	456
690	421
692	409
673	374
618	334
537	314
572	271
551	234
581	237
594	236
558	213
568	252
550	271
519	317
522	327
556	387
575	398
607	407
660	416
750	401
720	386
804	429
839	435
813	448
790	439
844	464
740	391
764	400
680	348
687	340
636	318
582	324
550	297
595	239
559	265
592	237
597	192
642	218
736	241
745	262
896	271
982	299
974	344
1057	357
1069	317
1031	317
1036	335
1022	291
1036	276
1012	250
964	243
925	258
977	244
974	272
917	227
926	202
909	217
868	155
890	147
883	159
854	147
931	156
948	202
1039	192
1106	216
1232	261
1320	332
1441	326
1358	389
1296	443
1268	427
1272	429
1269	359
1184	356
1106	292
1077	287
1017	260
999	279
959	307
944	291
943	267
919	233
889	247
887	271
872	260
900	270
957	343
1040	340
1103	374
1228	355
1278	387
1377	444
1298	482
1334	482
1351	480
1305	479
1278	481
1169	496
1119	540
1054	503
1026	503
926	480
893	437
893	492
932	499
938	486
883	459
907	466
929	476
969	474
950	487
1016	504
1110	592
1116	636
1255	706
1362	729
1351	720
1268	760
1291	777
1323	707
1302	660
1219	627
1110	602
1145	543
1056	539
978	523
1008	533
1002	530
991	525
956	540
962	492
947	408
920	435
983	474
1054	428
1101	447
1255	516
1330	569
1441	605
1503	617
1365	543
1359	511
1360	506
1283	484
1297	441
1293	387
1212	392
1089	381
1021	329
975	329
972	285
949	281
889	306
845	256
846	269
884	270
916	285
988	327
1021	365
1087	413
1164	519
1291	530
1402	567
1481	539
1404	584
1443	582
1507	589
1459	598
1394	679
1265	665
1307	694
1290	543
1195	484
1131	475
1092	439
1067	393
1060	420
1067	391
1021	369
1090	389
1165	443
1267	426
1347	453
1454	552
1587	576
1671	639
1719	702
1779	752
1880	748
1867	706
1877	739
1876	702
1786	665
1779	695
1672	688
1515	637
1519	656
1443	584
1434	586
1376	530
1326	491
1282	590
1233	584
1252	531
1271	565
1319	543
1382	640
1498	727
1653	783
1829	859
1966	925
2000	1048
1906	970
1897	994
1838	1059
1781	1081
1693	1022
1638	974
1607	980
1501	928
1423	853
1334	817
1266	827
1215	781
1173	755
1119	748
1078	666
1079	665
1053	654
1118	722
1111	698
1229	812
1322	900
1453	969
1611	1020
1710	1030
1663	1032
1647	1012
1654	978
1530	951
1532	972
1477	900
1380	796
1301	722
1252	677
1254	621
1171	566
1025	546
999	464
966	478
948	486
935	487
918	485
936	522
1006	567
1048	583
1120	657
1269	658
1388	691
1542	735
1536	679
1542	710
1526	610
1490	637
1504	678
1438	673
1301	614
1315	585
1301	541
1254	494
1175	492
1104	466
1029	440
1012	403
997	389
1008	397
1050	432
1086	467
1048	496
1108	485
1226	471
1304	495
1408	518
1527	576
1489	549
1441	522
1540	470
1471	432
1446	483
1355	467
1310	471
1257	485
1279	466
1249	445
1133	503
1086	489
1031	456
1045	458
1009	444
955	479
941	503
976	532
1027	575
1057	637
1104	668
1192	642
1276	604
1345	685
1316	650
1204	654
1306	637
1189	655
1317	547
1305	473
1187	460
1147	351
1037	405
973	442
954	387
993	322
873	343
860	303
877	341
886	314
905	333
968	377
1016	392
1103	455
1201	457
1393	471
1556	507
1604	569
1623	599
1663	634
1652	673
1655	615
1629	521
1598	421
1567	345
1384	323
1394	318
1319	277
1311	203
1315	197
1230	166
1190	192
1126	191
1106	166
1108	176
1175	163
1232	209
1323	218
1416	294
1529	340
1689	388
1773	464
1685	540
1567	592
1605	594
1520	591
1448	591
1370	597
1300	559
1227	558
1201	498
1077	465
993	410
992	440
919	389
851	348
783	386
779	417
737	360
808	392
819	432
848	449
939	510
1010	607
1044	593
1026	724
1047	612
962	636
924	660
899	672
822	606
832	529
869	492
862	447
835	473
781	467
701	458
690	445
720	439
690	432
671	421
628	376
616	378
625	427
645	471
699	458
661	535
691	577
818	635
860	729
806	729
790	742
764	797
812	808
733	830
756	730
816	659
782	573
794	517
707	524
698	520
699	520
594	515
555	517
606	498
590	504
635	522
651	549
668	542
655	605
689	635
713	671
732	741
747	805
695	887
666	754
690	781
607	803
649	685
667	588
693	595
649	572
673	547
678	468
646	470
641	514
626	501
609	463
622	448
607	490
587	453
579	487
617	478
642	474
768	571
872	686
942	735
979	777
982	722
1007	752
1007	789
951	832
937	820
914	802
893	738
811	780
702	715
676	657
625	625
575	607
519	608
498	605
487	580
504	559
484	586
526	664
562	704
675	805
703	935
775	1096
730	1111
760	1099
717	1108
788	1102
884	1149
825	1029
867	1023
827	1081
815	1072
865	1094
888	1076
843	954
838	861
802	868
791	808
717	801
673	798
663	786
666	840
668	822
638	813
702	849
780	900
822	954
903	1096
951	1131
936	1091
1005	1039
1119	968
1039	881
971	834
989	771
938	731
829	633
839	584
854	550
782	472
775	482
698	461
722	443
742	392
681	412
684	427
753	427
725	421
794	430
849	459
938	498
1004	535
971	555
985	488
868	494
856	550
868	446
834	465
807	412
751	396
695	343
639	372
637	370
542	373
469	355
375	329
363	337
387	365
419	363
433	372
469	375
499	395
576	401
631	426
648	404
612	464
653	557
553	543
548	542
549	516
530	439
530	432
518	324
446	317
430	225
390	238
405	236
404	215
395	185
373	202
368	183
345	191
312	202
276	189
290	197
334	214
341	220
433	254
465	244
479	245
452	250
420	246
451	317
481	355
522	315
548	278
610	318
561	327
492	318
465	339
461	276
434	257
407	250
365	250
385	270
375	338
388	318
403	348
433	357
483	372
503	373
586	428
697	414
737	434
702	455
701	442
706	452
600	469
573	463
604	523
546	486
536	380
572	400
600	370
522	375
498	325
492	344
429	334
416	374
334	359
326	391
300	372
291	433
320	462
381	442
420	506
415	499
492	463
560	485
548	487
603	494
615	482
603	470
587	483
521	483
479	401
436	384
394	369
381	330
363	333
342	375
326	329
298	320
290	334
275	357
257	335
217	384
266	423
284	441
327	491
349	540
437	626
589	606
549	701
553	588
521	569
476	545
436	565
398	576
359	578
370	527
335	520
332	513
315	473
306	432
304	368
301	367
306	343
354	392
385	426
432	432
470	466
464	502
492	565
496	635
486	721
546	809
557	824
471	817
468	838
506	805
523	719
496	682
439	641
406	592
470	556
434	566
430	567
406	617
418	638
395	709
365	678
348	696
318	753
310	743
303	806
284	917
321	1054
358	1084
384	1113
375	1196
335	1183
326	1161
347	1186
393	1216
422	1118
352	1111
407	1095
424	1091
401	1010
381	977
368	922
365	842
381	848
370	786
362	729
336	753
356	754
405	781
450	765
420	785
441	910
469	929
563	1020
580	1040
604	1125
664	1194
726	1120
670	1134
668	1031
713	902
671	883
653	787
630	737
620	688
557	701
532	718
483	683
489	667
464	688
470	623
510	665
520	718
535	713
571	702
636	709
598	852
680	863
747	992
715	908
699	923
770	863
777	788
727	765
763	696
760	640
665	610
711	568
712	575
667	575
634	563
616	565
559	598
553	511
559	505
565	464
579	426
640	426
719	411
668	413
729	498
717	451
782	543
657	585
751	589
755	605
779	593
765	600
686	586
672	551
625	589
576	559
578	620
565	574
528	529
512	563
521	585
523	592
535	589
533	614
569	628
653	640
701	626
764	662
726	656
827	793
896	880
899	784
941	817
793	842
741	811
739	914
699	841
600	786
536	727
451	696
391	711
350	624
399	602
406	671
335	667
374	631
365	576
383	592
402	627
455	654
512	717
535	797
640	889
661	900
720	1021
748	1031
781	1013
756	996
791	909
782	777
804	832
827	822
786	763
753	681
740	725
726	737
736	772
722	687
763	694
792	760
844	722
859	733
894	763
964	810
1077	878
1190	939
1304	1028
1449	1047
1582	1100
1461	1011
1362	893
1401	789
1418	713
1406	632
1333	582
1191	479
1095	406
1049	366
1072	359
1038	370
1002	353
960	308
982	309
956	273
928	271
907	319
951	333
1000	305
1071	355
1081	426
1220	377
1272	390
1309	426
1359	421
1281	436
1280	501
1143	465
1220	427
1219	403
1100	417
1004	370
923	302
961	302
863	305
759	274
739	307
717	341
697	364
729	359
785	364
847	334
930	340
998	361
1144	386
1251	403
1281	383
1398	353
1492	311
1546	336
1518	383
1480	358
1478	389
1431	404
1288	361
1222	400
1209	373
1207	386
1123	369
1098	411
1022	338
1015	313
1046	320
994	347
1030	351
1076	379
1111	356
1177	419
1303	399
1404	453
1524	537
1682	584
1641	577
1617	594
1589	612
1478	648
1487	527
1394	467
1260	473
1189	508
1161	501
1112	476
1038	452
958	462
890	451
920	373
872	381
905	344
868	344
882	398
919	468
964	476
972	522
1024	582
1125	725
1137	670
1195	644
1197	651
1205	728
1186	722
1218	775
1163	785
1148	859
1072	813
1006	802
1009	727
1021	750
935	681
919	709
880	640
862	626
876	676
901	677
961	711
967	779
1066	864
1194	917
1260	975
1463	1121
1507	1213
1442	1153
1402	1039
1366	1024
1378	957
1274	906
1230	881
1129	856
1165	784
1062	914
997	915
1052	893
932	871
928	844
979	810
941	778
911	774
890	793
945	791
1005	838
1078	886
1170	969
1263	1099
1260	1115
1336	1213
1344	1263
1252	1253
1227	1244
1158	1273
1187	1221
1189	1089
1122	1008
1040	918
1025	902
941	928
889	846
888	847
881	855
919	866
896	865
899	900
868	934
906	983
906	1020
1005	1130
989	1256
1028	1443
1139	1644
1091	1793
1105	1841
1139	1904
1196	1902
1241	1923
1261	1809
1183	1760
1044	1718
978	1604
911	1521
936	1430
888	1362
761	1262
747	1143
735	1120
650	1099
675	1105
677	1100
825	1179
896	1182
944	1286
1065	1379
1161	1453
1226	1576
1247	1756
1194	1715
1094	1717
1217	1761
1178	1731
1238	1623
1115	1577
1011	1521
905	1472
807	1355
811	1229
769	1111
702	1051
716	1029
658	986
667	922
706	921
719	936
730	979
812	994
827	1053
891	1056
957	1120
993	1280
1063	1303
1049	1313
1115	1378
1137	1362
1025	1263
1051	1245
1002	1119
1036	1109
948	1080
921	962
915	827
837	768
823	733
718	708
649	688
653	651
605	656
644	670
693	749
735	812
759	884
784	903
794	978
860	979
835	1074
774	1047
830	1033
876	931
850	914
794	932
824	914
798	886
743	832
744	818
719	799
673	760
617	714
577	670
555	652
560	644
558	616
549	667
530	707
556	763
586	791
571	800
662	836
746	992
742	1101
767	1035
797	949
783	968
760	983
726	971
744	845
668	740
647	659
613	668
552	663
502	658
457	632
444	548
387	487
395	513
441	459
438	384
422	367
479	388
523	397
498	442
568	445
603	496
618	570
639	580
600	616
577	626
558	584
542	566
490	638
508	595
493	593
441	579
472	527
457	467
359	461
396	483
381	461
400	411
434	442
420	430
436	473
409	517
439	555
484	620
584	620
648	680
758	772
777	869
865	890
887	883
804	926
788	925
749	986
739	994
727	918
749	894
640	832
648	832
558	837
511	833
477	792
431	817
395	829
397	806
432	843
464	937
516	884
576	1014
703	1050
728	1177
781	1282
742	1311
776	1374
702	1275
721	1171
737	1081
725	999
712	939
694	864
663	870
622	857
535	813
527	754
503	699
465	680
462	607
457	617
441	598
375	622
375	627
375	625
412	659
455	723
529	761
586	818
590	763
664	870
631	964
646	907
597	843
548	848
567	881
501	880
494	869
552	764
470	748
477	679
429	667
442	647
325	608
303	573
248	602
246	604
273	625
288	680
329	728
371	795
426	902
414	994
462	986
470	1019
543	1036
512	1009
490	1036
478	1020
512	978
456	971
400	954
414	905
373	859
340	808
260	865
302	827
281	827
310	772
294	772
284	759
322	797
380	828
393	884
346	931
469	1029
552	1001
482	1043
543	902
601	982
612	940
656	958
664	950
632	890
619	836
544	812
513	754
495	738
489	692
514	671
487	646
451	553
482	616
499	612
494	636
515	678
545	724
569	764
575	879
651	956
679	1021
784	1051
809	975
843	981
724	964
736	1020
681	943
661	909
600	829
535	840
508	855
473	770
417	809
416	820
429	738
403	733
441	734
384	727
397	784
455	935
441	980
436	1043
462	1110
487	1152
562	1271
550	1226
519	1294
514	1328
464	1216
517	1188
448	1199
440	1168
405	1102
405	1060
388	1070
404	1027
408	924
447	792
448	686
430	692
356	679
367	682
393	725
390	690
399	782
392	828
474	893
542	924
563	933
601	982
639	1052
622	1001
630	902
636	846
629	792
574	661
495	577
449	542
456	578
483	577
502	582
521	606
496	644
458	619
429	618
472	644
506	666
533	689
623	689
676	793
788	793
820	846
904	935
909	858
897	888
992	933
958	846
945	807
870	742
820	753
775	694
769	687
717	685
678	729
603	701
538	718
524	742
516	680
497	661
448	673
483	687
494	740
532	724
593	843
654	894
755	878
815	917
834	905
827	957
919	995
900	978
807	943
726	918
679	906
596	878
537	778
519	714
461	677
394	652
418	608
428	580
393	567
337	532
349	561
353	577
354	605
276	662
298	753
322	827
356	859
381	973
365	925
407	943
409	983
412	965
437	930
493	821
514	750
482	732
391	732
383	715
339	709
306	716
296	721
289	682
311	702
270	664
290	712
328	707
349	801
402	786
452	820
446	940
478	990
562	1014
561	1047
546	1038
554	1122
607	1063
573	1028
604	972
577	870
572	780
562	815
618	835
628	768
594	703
534	637
506	623
505	598
473	542
460	569
444	578
451	603
491	626
558	723
618	705
647	759
599	832
558	791
556	737
572	715
561	652
541	707
399	582
394	618
381	632
305	647
249	623
235	500
233	474
246	498
266	443
286	419
294	390
321	412
366	453
433	414
461	481
523	570
523	592
524	675
521	720
401	645
417	601
457	577
472	551
430	496
396	529
365	493
327	436
322	451
290	431
258	356
245	327
268	314
244	285
234	271
219	238
244	245
288	229
268	209
282	262
254	303
302	252
378	276
406	300
411	331
423	419
434	499
406	525
364	450
368	412
336	358
311	347
330	362
372	312
376	330
355	331
358	316
359	316
394	376
370	395
327	411
351	402
327	424
323	462
334	550
387	540
388	587
395	698
495	705
448	706
503	681
469	608
452	624
363	565
351	638
324	573
301	507
293	434
275	437
253	419
294	395
304	416
263	400
271	406
333	428
398	388
421	405
419	464
426	473
498	585
584	635
644	663
611	554
596	563
606	574
603	604
594	663
596	691
516	700
495	666
555	606
518	557
482	494
463	466
425	406
407	367
415	350
397	343
388	348
445	371
455	395
426	423
467	416
557	423
575	520
598	566
596	544
620	550
714	546
623	527
669	545
615	432
604	419
501	409
527	398
506	340
509	359
472	324
404	339
386	319
364	375
394	364
323	324
339	325
394	354
371	421
367	406
440	508
489	521
424	557
348	603
370	631
417	591
358	503
374	491
418	507
414	441
374	380
383	413
361	403
418	405
390	386
342	355
349	352
345	324
383	303
359	340
375	331
390	379
398	406
414	475
520	496
570	551
600	590
568	619
506	679
531	642
446	617
395	644
445	555
407	514
454	545
437	539
411	472
441	444
413	454
379	415
359	321
367	304
385	302
363	262
416	269
438	317
521	293
620	333
641	348
647	426
661	466
639	428
659	415
657	386
558	415
491	394
435	384
449	374
476	345
447	325
467	304
400	325
414	315
407	325
302	308
289	312
284	299
265	333
280	389
285	394
305	390
372	446
384	542
385	526
408	601
394	550
355	538
428	481
405	434
361	378
326	365
377	394
384	399
381	374
363	330
339	362
307	317
322	320
311	277
278	275
257	284
280	292
276	315
320	331
337	387
361	485
319	513
327	493
342	517
329	484
339	555
339	550
359	610
372	596
409	595
381	515
347	481
323	433
334	436
336	399
313	359
258	374
253	364
225	346
225	394
255	395
262	415
288	439
277	448
320	445
333	453
352	545
347	598
436	660
452	721
468	729
379	734
412	736
436	796
436	698
447	701
440	638
427	598
490	503
511	471
463	438
441	424
392	407
374	392
406	376
444	393
477	408
500	448
572	530
606	534
679	554
718	687
667	627
700	605
722	600
670	563
684	649
622	633
588	585
508	579
520	572
497	550
482	579
444	596
444	583
425	521
363	468
347	498
366	508
395	573
417	566
482	572
555	628
594	652
644	709
646	633
649	642
629	698
641	757
594	731
564	648
565	710
497	655
453	666
448	671
420	705
404	617
392	591
379	577
404	607
374	592
331	561
341	563
339	658
409	714
476	774
541	807
626	950
655	1055
730	1159
643	1129
662	1051
644	1010
615	1010
617	1021
695	957
667	892
666	804
609	779
565	720
514	640
506	546
474	523
475	471
511	492
537	476
576	550
626	613
619	601
659	713
728	748
727	811
786	810
890	910
892	886
943	918
953	929
987	876
992	857
976	744
901	710
802	615
859	604
833	551
789	506
730	440
673	407
606	416
602	452
575	489
528	479
534	578
539	622
600	645
641	744
670	809
697	794
799	813
797	798
767	791
732	871
614	840
618	843
628	842
647	824
593	784
605	741
611	688
616	675
650	612
639	629
590	643
551	643
518	673
494	683
505	717
515	760
475	846
529	941
508	998
600	1008
610	1124
670	1199
692	1209
760	1277
686	1265
714	1240
702	1142
685	1058
729	977
692	970
697	876
698	780
728	746
724	761
687	755
684	737
648	725
625	746
665	790
666	790
669	826
683	921
777	949
888	1029
1034	1123
1012	1016
1058	1079
1098	1137
1004	1164
919	1115
883	1049
855	965
758	954
665	932
607	943
598	896
571	861
496	804
465	749
429	735
397	790
420	874
384	913
417	944
494	958
537	1019
555	1085
563	1238
613	1341
588	1301
595	1331
550	1281
494	1134
481	1085
387	1023
308	978
309	969
269	1012
269	914
274	906
257	780
227	671
245	649
226	649
222	663
255	648
233	690
212	694
224	733
266	735
332	823
374	954
413	952
370	920
315	990
233	989
204	952
274	933
289	903
254	757
279	705
291	649
270	557
291	543
340	446
298	428
266	422
273	429
282	482
265	516
243	510
250	536
271	561
329	620
401	679
415	716
481	797
489	814
443	823
446	849
432	852
363	861
384	787
367	702
366	606
312	598
267	514
283	492
237	403
242	367
238	372
239	385
233	331
257	373
234	380
236	401
290	385
278	422
298	451
271	523
260	615
213	593
276	542
225	535
270	496
299	451
248	454
241	476
206	491
199	494
179	446
176	464
216	397
179	397
190	361
177	359
178	342
168	387
180	478
215	483
209	445
189	502
199	553
226	465
221	424
220	456
258	425
258	462
264	486
322	534
343	546
318	530
234	551
199	572
171	594
187	586
191	530
196	489
215	476
223	477
207	447
213	481
221	512
221	565
265	551
316	604
377	680
438	747
423	851
436	837
490	879
523	929
501	866
510	764
513	752
520	755
480	758
515	697
494	664
512	642
489	604
490	613
502	593
421	545
414	538
393	505
335	542
366	616
425	632
403	721
401	727
389	804
440	818
457	842
478	866
505	960
551	946
546	964
525	945
510	877
472	780
473	835
502	765
455	720
426	725
483	691
444	700
457	664
499	629
566	676
601	742
614	811
675	883
711	948
733	1023
798	1086
888	1160
851	1121
832	1109
834	1115
830	1122
840	1125
817	1156
808	1067
829	945
782	888
721	862
687	801
665	706
661	684
615	598
559	566
545	539
499	530
556	549
542	620
626	703
727	801
798	922
851	1012
863	1172
821	1139
886	1170
942	1273
887	1283
904	1209
865	1190
804	1132
759	1026
798	987
752	907
688	928
580	915
499	762
508	794
496	758
541	772
532	790
572	758
659	820
699	866
750	922
781	1140
838	1224
877	1364
845	1315
868	1396
934	1368
938	1326
881	1266
799	1154
756	1014
748	948
736	881
704	851
729	810
722	741
669	713
635	656
671	583
755	605
789	611
855	641
880	606
943	683
1012	707
1134	736
1212	741
1285	961
1250	908
1232	868
1331	866
1324	789
1314	831
1281	779
1281	751
1194	750
1120	690
1075	661
965	546
958	556
885	524
879	557
824	525
743	533
780	502
780	492
818	505
940	560
1004	634
1099	650
1123	668
1152	662
1161	647
1173	653
1201	609
1171	547
1164	605
1143	628
1095	530
1115	501
1031	547
990	522
942	506
869	593
842	567
759	543
727	470
756	469
787	463
858	509
888	519
922	566
1019	596
1095	631
1250	688
1229	691
1150	692
1234	732
1243	789
1245	781
1257	695
1226	746
1190	692
1109	667
1056	647
973	555
906	531
826	570
756	519
756	506
678	484
592	461
621	489
633	492
608	473
576	513
556	608
617	651
615	643
617	743
623	722
570	662
529	669
543	624
466	713
427	647
403	652
322	594
387	602
410	589
372	605
367	575
369	538
406	549
404	551
377	560
367	568
422	571
455	600
447	638
483	655
441	644
478	649
462	733
417	757
468	759
482	773
430	743
445	824
427	756
445	750
359	728
310	681
285	593
246	574
244	491
202	551
220	537
188	551
175	540
186	480
204	520
192	542
218	563
227	572
286	616
301	631
331	711
292	689
342	662
404	542
446	554
464	541
465	481
436	396
398	421
362	441
347	451
309	464
305	484
295	477
333	492
343	474
368	446
393	443
388	472
477	457
501	539
583	568
676	587
764	633
842	665
864	610
866	610
916	569
873	548
857	503
834	453
810	358
816	346
763	332
689	354
697	310
627	254
544	245
568	243
589	222
600	159
641	161
702	166
732	188
823	204
909	230
980	310
1074	300
1062	398
1075	431
1053	407
1025	421
964	449
919	468
941	451
937	470
922	430
912	393
919	409
962	436
902	439
877	451
904	445
893	431
951	397
953	415
1002	436
1053	521
1083	555
1141	588
1205	632
1248	723
1364	789
1354	718
1272	741
1243	678
1229	661
1121	678
1087	665
1012	541
913	462
861	482
804	491
775	478
777	473
751	503
712	514
693	490
663	439
627	461
597	395
608	385
684	460
671	488
778	478
813	538
876	603
853	648
850	630
908	576
794	603
815	575
781	546
696	564
663	576
702	516
652	519
577	567
569	515
546	452
563	388
560	316
567	297
601	265
607	297
612	326
629	376
655	432
687	458
714	535
787	520
817	494
822	505
872	484
816	421
739	411
790	336
804	332
737	346
679	291
619	261
599	229
605	230
593	238
610	250
673	237
716	252
747	254
806	253
844	252
891	293
913	301
961	328
1092	349
1157	342
1134	324
1190	335
1090	353
1155	345
1150	336
1151	356
1175	316
1084	341
1089	287
991	293
910	243
841	246
798	264
698	304
656	292
648	300
660	337
730	371
776	383
811	432
894	475
955	572
1018	608
1237	618
1225	576
1349	529
1406	505
1278	458
1242	472
1186	471
1063	426
1045	441
994	429
969	424
887	460
846	478
779	470
734	432
709	440
685	439
668	498
679	542
683	573
661	574
808	653
928	752
985	860
984	925
958	919
969	964
945	1059
892	1007
932	1000
939	886
885	919
706	851
638	818
598	822
522	820
496	735
445	744
436	670
449	626
418	608
434	617
506	644
558	721
644	812
668	851
690	1003
746	1092
834	1041
856	1042
821	1051
795	1076
743	1033
781	981
697	933
608	883
572	874
553	810
526	801
495	770
441	750
431	720
405	755
410	723
421	676
445	680
490	736
503	767
505	822
543	904
572	921
590	1027
620	1078
589	1046
587	1013
528	1074
516	964
561	1002
550	868
571	750
578	710
523	704
461	663
417	604
409	520
359	509
311	513
328	422
379	482
384	518
359	585
303	540
282	570
314	628
298	669
355	746
296	680
244	697
201	671
193	657
231	608
253	605
259	549
203	518
222	545
140	537
133	571
130	521
134	452
124	496
111	466
132	446
114	439
125	507
138	541
162	517
177	550
196	586
232	587
241	611
271	734
241	652
247	670
263	710
278	717
281	737
310	761
251	633
218	600
177	645
205	728
226	743
242	697
227	667
222	647
189	591
205	605
232	619
224	658
248	649
221	720
197	771
190	814
248	815
294	908
297	857
270	858
257	788
226	839
244	879
235	915
230	945
238	922
215	888
178	797
172	767
170	762
145	685
117	618
103	578
112	581
97	583
115	625
113	677
97	738
112	818
100	791
116	856
113	944
111	963
120	935
142	934
109	788
87	876
115	814
118	749
119	720
120	718
139	690
144	676
138	620
153	556
158	544
182	575
177	558
201	535
195	551
209	675
228	720
251	755
246	868
272	885
303	910
299	898
302	836
295	837
324	774
331	728
331	731
287	676
295	593
206	583
224	572
205	575
219	508
208	499
184	534
172	491
169	453
174	433
156	475
139	464
145	477
217	503
266	567
299	599
314	509
266	476
274	502
325	483
349	489
336	490
360	468
334	418
347	422
359	418
289	407
295	351
310	302
299	258
294	301
313	282
259	292
288	254
260	300
263	318
299	366
286	400
344	400
322	445
345	470
330	416
363	405
385	400
428	372
383	354
330	293
307	241
305	269
314	268
315	249
290	302
281	297
274	263
242	287
306	265
377	271
349	265
381	297
386	324
379	357
379	452
443	574
507	651
578	668
526	601
469	636
496	583
473	522
456	556
383	572
352	478
342	446
315	407
304	398
276	373
259	379
250	402
224	411
245	446
238	464
251	470
276	473
314	522
360	487
394	473
383	603
479	690
561	786
577	805
605	853
646	963
730	829
750	846
789	839
697	773
650	790
657	719
621	714
616	687
570	599
571	538
575	550
564	535
638	559
623	635
685	653
739	736
722	863
842	971
906	1076
997	1098
1036	1143
1009	1107
965	1103
1023	1030
1050	1049
991	986
909	1030
820	917
785	870
842	883
820	797
783	768
749	659
699	671
653	710
671	635
675	674
735	687
755	719
731	768
790	818
838	857
926	852
1007	985
1155	1112
1178	1073
1138	1023
1202	1101
1145	1054
1159	1074
1092	1021
1068	976
1012	895
1000	902
974	909
871	846
798	753
819	655
762	680
720	697
692	754
700	795
806	823
874	836
905	897
954	955
1055	1023
1060	1096
1195	1149
1197	1148
1238	1229
1269	1231
1250	1101
1308	1043
1183	1020
1065	955
959	931
921	902
914	858
865	859
749	823
731	790
649	809
663	797
612	824
591	886
640	924
719	964
727	1008
833	1092
903	1123
899	1159
983	1283
986	1287
924	1347
885	1388
787	1419
766	1439
738	1419
654	1440
604	1416
577	1282
532	1275
490	1251
450	1208
483	1165
486	1157
506	1115
464	1149
504	1174
539	1214
602	1260
684	1254
750	1335
904	1423
981	1509
1081	1521
1025	1466
1021	1330
1042	1360
1012	1359
1058	1276
997	1189
883	1181
807	1171
782	1099
769	1028
769	1017
744	954
663	864
649	818
682	795
686	794
688	837
767	839
812	811
853	848
894	846
953	925
1087	1015
1184	1089
1223	919
1313	919
1285	975
1235	1019
1225	968
1103	871
1051	828
1001	833
958	656
884	616
824	623
727	613
685	595
628	617
657	617
644	637
647	698
683	777
675	853
697	893
809	890
943	932
982	948
1010	1028
1044	1127
1108	1071
1101	1103
1035	1069
993	1037
958	1126
975	1128
836	1035
761	951
722	870
681	809
653	774
578	786
565	758
542	687
490	711
486	737
507	801
564	798
629	819
671	879
717	976
871	1020
823	1073
772	1049
692	999
777	993
759	1011
698	1060
613	1089
531	964
512	887
487	821
483	790
471	758
454	708
440	662
458	620
478	631
518	627
497	618
496	617
547	694
563	743
629	783
731	895
820	1001
919	1153
914	1112
927	1101
1006	1133
969	1078
1005	1098
890	1039
906	1113
903	1052
885	955
837	886
840	908
781	799
785	841
725	857
688	800
662	769
662	766
710	766
711	762
749	758
854	766
892	787
930	856
996	843
1047	780
1060	766
989	795
979	843
1035	916
1031	842
1052	782
1046	673
1043	690
978	678
907	606
919	595
851	588
851	526
841	536
821	583
819	650
885	656
980	680
1031	693
1146	660
1240	699
1335	805
1422	827
1408	860
1353	846
1336	715
1252	751
1301	685
1240	728
1112	742
990	708
926	676
845	674
785	619
783	540
758	474
728	483
750	431
757	417
760	406
793	369
859	433
893	430
998	459
1101	461
1154	470
1211	518
1174	485
1166	431
1183	466
1202	508
1153	499
1093	495
1058	444
960	421
913	348
850	307
796	312
796	271
744	264
709	277
633	259
654	271
630	271
613	300
619	306
702	311
754	348
790	390
851	450
881	464
901	413
863	393
883	426
799	401
778	373
732	375
720	359
609	323
589	298
512	253
505	251
527	262
480	242
544	257
587	328
563	327
553	318
562	337
522	387
628	374
705	435
771	492
784	466
809	533
783	565
754	542
694	579
734	570
638	561
578	530
616	546
564	492
580	510
518	483
476	506
479	475
410	446
446	443
406	433
401	379
433	423
401	421
413	455
435	496
521	575
561	570
520	609
579	659
590	665
602	692
565	720
572	738
605	763
612	752
626	670
592	611
551	624
532	568
505	458
497	434
491	384
468	380
465	358
448	367
417	415
403	442
389	468
446	558
465	657
509	735
585	825
612	857
616	796
643	821
645	829
575	932
541	880
541	841
509	865
448	821
454	709
439	747
419	815
403	821
348	802
344	802
366	780
390	775
387	837
466	888
515	926
504	924
554	1008
593	1074
640	1099
735	1103
661	1105
714	1201
693	1175
753	1142
825	1176
831	1155
866	1042
872	964
870	922
759	870
761	819
705	806
682	737
638	680
654	692
609	726
604	689
691	725
718	759
822	825
837	872
882	1012
933	1114
909	1199
936	1206
1083	1170
1083	1252
1075	1151
1092	1045
1186	1038
1103	833
1026	764
914	710
904	662
905	677
841	608
789	590
787	619
771	575
712	536
765	552
782	585
843	550
946	612
1029	653
1090	755
1120	785
1168	806
1111	814
1114	818
1118	867
1173	778
1093	670
1078	707
1008	662
968	544
914	529
843	506
816	446
743	448
675	447
658	386
621	334
651	345
599	363
626	390
659	424
679	516
814	567
819	581
832	567
904	643
921	706
942	647
876	602
848	661
862	611
830	619
809	577
797	528
800	512
755	424
698	404
713	373
620	317
589	286
569	297
581	338
611	315
615	337
580	352
626	371
652	435
728	505
733	543
686	539
703	552
721	566
645	618
620	580
619	607
568	588
492	598
527	595
506	569
463	578
461	554
387	530
383	511
391	542
373	521
360	534
351	501
384	526
402	553
458	595
458	602
551	656
660	631
654	681
617	711
588	658
558	754
589	758
604	790
611	836
536	737
493	679
452	591
453	557
438	467
404	493
355	412
351	374
354	390
414	416
390	438
386	469
389	515
463	498
520	534
573	674
706	735
741	768
670	758
763	628
787	657
817	596
799	595
752	566
733	524
719	506
652	471
665	437
614	415
518	432
463	445
455	456
495	451
481	411
447	439
446	499
412	500
466	512
553	557
663	503
733	540
767	615
762	624
762	608
768	555
754	510
707	523
670	434
645	478
579	507
509	461
508	494
499	455
471	421
431	426
407	446
359	455
351	488
313	507
323	501
328	577
312	615
365	664
424	735
482	729
530	735
491	705
491	616
544	614
530	650
548	650
575	594
550	586
590	555
620	560
652	478
611	449
614	444
614	399
601	366
619	410
582	354
556	318
625	289
595	296
621	319
648	317
724	366
740	376
787	398
790	423
806	388
808	428
770	353
761	382
816	413
781	340
708	328
637	313
673	354
579	366
536	385
528	360
495	334
517	264
525	292
488	267
519	309
544	298
647	291
703	356
740	309
815	377
852	346
829	324
766	278
888	312
908	237
847	247
825	259
821	254
792	272
710	292
694	275
716	245
657	220
642	232
647	209
587	190
536	187
547	207
536	224
579	212
661	259
770	280
779	376
873	365
902	362
833	374
875	367
766	375
769	348
818	305
773	278
730	274
680	247
627	263
541	257
541	263
531	248
525	243
490	215
502	224
468	240
450	231
496	251
478	236
554	239
582	263
610	293
657	341
677	328
595	288
686	290
707	276
686	279
699	272
665	259
612	232
613	208
579	213
588	235
608	250
595	264
519	262
458	301
487	290
520	288
512	334
477	324
497	344
508	350
622	405
730	400
858	406
927	430
947	429
925	439
1034	462
1000	464
976	510
953	496
873	489
796	462
768	462
808	452
762	439
735	432
666	434
636	451
590	436
576	395
510	365
549	375
565	372
629	369
669	394
695	409
735	482
815	458
855	503
916	439
873	461
805	425
742	403
792	389
764	376
739	413
727	387
672	360
682	368
624	395
599	373
581	356
613	374
598	340
629	344
652	423
684	417
783	499
820	546
933	546
894	599
951	520
943	531
843	498
803	506
725	455
639	448
643	404
682	375
658	363
661	347
643	346
657	357
658	339
606	308
678	293
687	293
656	342
689	377
704	371
732	400
771	494
848	491
925	525
1051	620
1189	671
1179	667
1175	679
1101	677
1111	666
1079	575
1119	569
1132	571
1111	537
1123	546
1068	540
959	511
911	472
850	455
864	402
811	351
811	398
808	406
859	485
968	546
1083	584
1152	611
1201	728
1260	767
1279	860
1276	821
1271	864
1286	787
1202	733
1170	682
1094	587
1039	594
923	553
922	512
819	532
811	571
815	585
829	578
849	573
800	531
800	497
803	567
797	644
785	727
800	725
860	792
943	852
1019	929
1023	966
1002	953
955	986
1030	986
1010	977
979	925
929	891
870	825
874	704
831	646
755	595
744	576
678	514
613	486
576	491
528	505
500	532
467	523
462	540
511	651
576	729
666	879
773	914
791	976
884	1022
932	1065
960	1063
938	1012
951	1001
903	966
874	905
766	819
749	801
750	775
732	744
681	681
585	633
560	616
528	612
477	609
472	590
446	598
429	618
430	712
413	761
468	840
480	956
518	1021
584	1069
594	1043
564	1078
573	1084
621	1036
626	1024
619	943
573	873
607	768
586	765
543	790
540	812
466	776
507	672
478	645
454	663
366	637
397	705
406	694
404	684
434	820
448	854
518	906
531	922
600	968
584	950
627	968
556	923
538	901
506	879
495	918
450	823
444	783
413	785
400	792
362	731
308	726
257	661
248	660
239	635
242	566
240	558
262	638
268	724
301	755
350	883
380	935
391	1053
457	1052
452	1088
430	1080
405	1108
419	1076
446	1072
515	1027
468	924
444	859
440	832
400	750
340	686
330	737
326	724
303	726
323	732
307	739
291	747
270	783
286	785
324	788
331	859
327	1011
290	1132
323	1199
301	1167
296	1196
315	1184
305	1118
321	1154
259	1085
256	1002
252	956
272	925
202	875
218	848
226	793
228	785
246	759
234	748
259	716
310	734
314	769
364	783
410	783
450	841
514	917
504	984
569	1031
588	1079
592	1100
554	1142
600	1122
607	1075
616	976
547	878
513	810
475	674
451	673
428	609
394	595
390	548
377	615
416	641
406	662
430	668
425	682
444	788
449	827
452	915
448	1021
486	1097
482	1177
494	1169
505	1190
512	1300
567	1143
570	1129
511	1069
400	1006
396	913
407	929
401	889
428	829
439	763
429	722
438	685
431	616
423	612
388	581
412	603
432	660
412	684
451	801
490	842
619	932
671	1048
686	1059
586	1057
661	956
635	971
629	1021
625	1021
602	1009
555	887
628	873
614	828
581	858
541	859
500	858
469	809
425	788
419	759
457	726
493	843
514	884
536	881
531	972
592	1060
635	1141
665	1109
794	1140
754	1139
675	1179
655	1122
771	1083
743	1043
753	1015
703	947
653	835
549	764
512	749
486	723
443	727
451	727
474	706
476	738
493	714
548	766
569	833
575	889
661	1019
765	1171
867	1258
903	1303
974	1223
1026	1175
1091	1301
1134	1266
1041	1275
970	1232
934	1141
875	1005
848	968
749	963
693	946
672	909
605	885
627	840
642	776
587	857
591	912
615	966
684	996
709	1044
744	1188
782	1247
796	1317
856	1404
777	1403
791	1435
754	1473
747	1411
751	1397
818	1290
780	1216
803	1186
707	1156
734	1070
685	1039
641	981
557	907
510	861
510	808
518	786
510	774
536	785
586	845
665	852
658	955
795	1046
847	1124
919	1200
1005	1218
989	1240
1059	1232
1037	1235
1045	1195
1067	1085
941	987
953	952
937	914
842	926
903	880
856	817
830	805
804	857
796	818
784	879
752	920
759	929
778	892
901	885
1017	948
1152	1005
1286	1189
1272	1309
1265	1402
1286	1339
1363	1307
1349	1179
1221	1136
1122	1121
1032	978
995	987
983	896
915	810
845	801
812	805
798	799
823	790
778	787
785	771
775	788
808	827
823	881
905	943
977	1043
1087	1070
1145	1137
1164	1164
1113	1150
1110	1154
1126	1233
1130	1187
1146	1229
1075	1210
992	1135
922	1125
843	1084
828	1068
804	938
791	887
790	908
782	897
805	914
835	892
854	861
900	859
915	842
944	921
981	1012
1096	1081
1161	1117
1247	1218
1185	1323
1160	1355
1123	1337
1067	1244
1062	1196
969	1133
951	1066
829	1080
815	1029
789	987
791	956
752	964
677	918
625	899
621	836
596	864
602	881
615	882
614	935
645	1029
699	1212
744	1331
801	1477
945	1606
1023	1611
1080	1610
1070	1688
1070	1658
1057	1593
973	1502
923	1446
840	1337
690	1274
664	1247
636	1218
626	1144
607	1153
600	1093
590	1055
594	970
595	922
640	994
674	1012
761	1062
891	1121
962	1253
982	1372
1066	1475
1082	1423
1090	1430
1137	1428
1032	1382
989	1419
1019	1343
935	1172
914	1185
880	1128
905	1006
883	926
814	902
726	910
678	858
637	811
613	754
613	774
619	837
559	879
532	894
544	977
547	1066
589	1043
674	1088
637	1018
690	971
632	1007
641	969
678	1014
586	963
537	910
474	961
448	971
460	854
411	764
341	653
305	612
273	622
281	554
269	522
267	576
271	600
280	606
299	619
334	675
360	785
422	912
467	993
424	897
474	951
480	925
458	865
535	919
536	840
518	781
485	718
452	701
362	678
374	680
375	522
366	474
394	446
398	419
394	419
338	410
374	439
409	426
418	475
455	505
482	562
498	605
554	661
573	630
566	559
591	541
669	523
619	605
572	598
565	512
571	446
566	441
496	434
482	438
502	394
498	349
449	320
433	302
458	322
470	309
471	297
488	269
525	282
571	340
580	447
620	487
667	490
582	519
601	513
607	590
654	542
710	514
676	485
614	393
565	337
550	281
512	316
458	252
401	242
358	244
371	227
375	252
362	271
409	291
390	270
393	283
369	287
398	317
401	279
456	289
431	303
383	281
367	268
363	319
362	281
372	263
375	269
371	250
346	242
280	261
269	223
278	227
267	264
221	260
217	267
199	285
194	306
176	281
153	274
171	282
188	350
150	350
208	346
219	313
255	340
282	349
291	340
277	357
376	372
392	418
378	415
311	381
370	300
362	295
312	283
334	294
306	267
303	283
332	219
302	206
290	207
293	219
273	204
286	237
310	235
323	306
399	322
443	308
539	323
505	322
505	316
503	297
479	224
507	199
535	218
497	180
486	228
450	213
469	215
464	211
444	189
409	171
403	163
438	171
450	163
461	187
495	195
549	204
639	184
643	238
662	203
704	243
762	310
709	215
769	248
846	256
839	279
771	253
736	222
747	205
693	222
637	198
597	179
616	170
590	132
555	145
484	139
484	149
490	144
500	173
571	163
614	230
671	239
653	323
800	353
838	397
872	450
844	507
788	494
873	546
756	565
712	609
766	617
765	658
656	621
586	534
590	460
578	386
571	346
542	340
528	291
518	283
509	295
502	278
568	312
647	338
709	385
726	421
790	493
815	542
911	508
818	541
841	547
848	583
732	513
724	576
804	639
750	635
700	678
628	660
615	635
569	661
504	602
428	611
410	612
427	580
466	644
447	619
527	565
536	620
602	620
613	754
665	849
713	832
722	907
705	899
690	885
638	994
756	967
751	878
686	832
612	773
523	728
510	667
452	642
433	567
436	593
372	523
339	503
323	466
299	459
276	467
309	498
295	567
320	697
386	795
350	887
364	1034
424	1138
299	1127
284	1163
291	1177
272	1169
224	1101
220	1059
238	1052
253	1033
265	1090
235	1013
251	983
281	852
260	824
291	860
259	813
258	769
288	761
270	761
296	783
315	891
345	982
383	1063
446	1234
483	1344
457	1257
460	1195
434	1226
451	1117
379	1055
381	945
425	940
404	862
359	819
336	751
300	721
289	620
240	564
236	547
241	545
223	550
233	618
229	660
236	660
272	677
320	745
332	739
377	758
432	891
395	856
462	889
567	868
588	893
595	825
637	785
622	698
599	633
595	582
631	512
663	522
588	434
525	421
533	431
567	429
578	428
629	417
647	395
708	403
716	442
799	460
882	430
906	526
861	566
769	617
800	588
799	584
736	566
671	545
606	551
554	533
518	547
496	620
476	566
472	530
427	493
393	423
399	396
406	418
423	412
407	419
431	519
409	517
448	579
462	659
539	667
558	737
639	823
665	840
711	875
655	901
665	869
702	889
642	861
646	794
557	732
607	667
587	681
475	645
461	579
409	551
418	525
382	470
422	484
403	489
440	532
482	528
542	562
631	614
691	658
687	689
739	668
714	684
688	720
750	776
738	782
700	833
639	738
583	739
586	652
590	585
574	589
545	547
529	552
510	543
484	546
452	486
455	517
461	515
442	568
478	608
498	674
566	719
566	768
564	795
564	875
544	769
549	776
550	770
501	742
464	692
419	698
461	627
497	610
410	560
401	585
412	567
439	552
454	500
416	471
426	447
457	449
525	481
551	494
587	545
627	599
707	636
777	677
882	793
945	851
1044	785
1007	706
1079	753
1058	745
1013	652
1002	550
1012	546
956	446
944	382
845	417
818	416
805	415
791	456
796	443
748	398
728	390
789	419
854	470
904	509
1040	589
1075	667
1191	737
1272	844
1307	943
1294	937
1208	957
1108	981
1023	947
950	959
880	984
837	941
818	911
830	860
792	841
727	836
719	834
688	856
649	835
591	863
590	805
564	749
564	782
570	897
598	983
611	1074
742	1173
826	1324
881	1338
928	1350
998	1320
996	1324
961	1382
971	1308
945	1270
872	1227
860	1096
876	1040
833	1032
837	969
827	921
738	827
735	828
707	826
707	838
718	818
731	861
793	933
835	1026
901	1121
949	1168
908	1162
925	1268
911	1196
969	1107
982	1104
991	1093
939	1104
928	1015
819	963
805	900
812	850
791	834
860	764
810	723
838	675
836	676
731	672
708	690
736	692
756	713
731	720
763	777
774	872
896	1049
1027	1169
1108	1206
979	1171
960	1204
936	1293
901	1331
773	1299
749	1222
720	1171
723	1138
700	1072
695	1036
691	939
720	929
705	888
684	875
653	848
659	836
668	849
683	855
763	924
818	1000
909	1144
942	1201
996	1324
1099	1363
1054	1300
1091	1282
1062	1232
990	1248
953	1161
933	1145
978	1067
984	953
914	861
889	859
867	856
821	833
760	801
703	784
738	731
761	720
727	734
817	783
873	825
959	904
1057	1008
1107	1100
1223	1123
1311	1218
1231	1255
1264	1282
1228	1263
1225	1230
1211	1158
1164	1047
1138	1054
971	1005
887	1014
790	968
792	901
752	816
733	785
722	719
693	666
692	661
623	648
567	648
535	785
537	835
626	927
690	970
736	1109
662	1185
712	1225
730	1216
716	1314
689	1268
793	1258
768	1192
755	1117
788	991
740	986
678	911
676	857
671	851
705	876
659	859
667	841
645	809
653	813
692	889
667	911
659	1018
674	1099
828	1212
833	1300
951	1408
1036	1273
1017	1300
1068	1352
1105	1327
1072	1232
1057	1183
999	1064
1024	1034
931	1040
877	1032
847	968
846	983
803	927
788	884
743	868
668	845
667	783
652	831
704	885
792	944
805	1057
836	1155
942	1287
1008	1373
1006	1314
937	1336
914	1263
973	1215
908	1114
880	1040
900	946
890	864
915	897
860	805
825	742
771	759
754	667
671	677
650	650
677	646
694	675
720	685
778	722
864	754
1020	818
1169	888
1147	1052
1156	1137
1081	1155
1086	1198
1070	1241
999	1149
988	1170
955	1149
876	1088
876	951
852	885
828	845
759	824
751	835
706	855
685	775
651	771
636	774
605	816
621	854
672	847
672	922
745	926
877	1015
975	1157
1036	1155
1053	1041
1056	955
1151	975
1053	847
1066	838
1023	851
939	871
938	849
890	755
823	694
794	731
789	657
722	595
703	599
702	555
745	575
734	573
733	630
761	688
812	754
847	847
878	856
1011	932
995	899
1020	901
1014	886
984	864
990	922
972	938
918	881
865	873
841	837
862	791
836	789
821	705
836	695
768	668
680	650
665	669
703	677
680	678
772	671
804	696
839	743
970	866
1058	943
1089	924
1134	980
1118	965
1116	980
1015	953
995	977
1003	1052
978	1056
939	1020
850	951
807	971
808	893
782	808
776	786
756	873
662	902
575	913
567	859
568	895
606	874
583	929
601	1073
662	1155
854	1246
961	1351
1119	1458
1142	1460
1192	1533
1251	1668
1157	1641
1081	1574
1040	1548
1000	1499
1027	1433
1006	1409
957	1276
874	1229
837	1149
783	1072
665	983
622	886
639	959
586	990
602	1098
690	1166
691	1241
717	1296
729	1391
729	1463
738	1539
712	1463
697	1379
744	1388
695	1370
713	1445
747	1326
673	1326
525	1240
556	1220
494	1200
475	1169
427	1164
394	1141
429	1086
402	1019
400	1024
418	1038
415	1076
425	1106
521	1150
581	1235
597	1305
702	1331
742	1360
801	1389
779	1382
764	1354
700	1273
637	1364
558	1346
503	1236
481	1224
523	1176
507	1111
508	1104
517	1033
482	967
509	948
464	884
437	944
462	987
530	1003
552	1038
667	1147
710	1263
718	1387
775	1545
777	1687
757	1680
780	1662
780	1700
834	1604
786	1578
747	1531
652	1369
640	1280
550	1204
579	1119
582	1071
552	964
569	899
549	892
524	858
517	848
486	915
505	958
448	991
457	1112
512	1172
544	1294
608	1331
631	1393
658	1397
666	1319
679	1302
587	1265
553	1275
494	1169
467	1076
436	1034
413	958
372	919
363	954
325	968
320	910
322	873
331	821
344	821
316	814
333	838
287	905
282	910
353	1007
359	1018
333	1150
367	1154
428	1151
436	1117
447	1168
489	1110
429	1070
454	1016
378	971
340	891
337	892
313	872
281	859
231	832
204	756
192	769
177	686
197	673
230	646
246	712
292	777
300	782
243	906
317	973
357	1132
381	1162
420	1158
398	1154
482	1158
432	1206
444	1219
405	1155
361	1141
260	1167
241	1113
220	1017
247	1022
229	923
202	910
207	932
198	865
164	874
175	866
230	884
264	964
305	972
324	1119
350	1135
376	1172
443	1207
447	1180
409	1164
333	1150
338	1172
349	1094
361	923
326	837
303	829
320	817
306	767
334	715
313	638
304	632
307	568
300	519
372	526
389	525
404	566
421	578
498	618
566	696
630	722
646	704
661	765
535	748
529	675
525	746
528	672
556	645
513	691
519	631
523	641
497	588
448	601
446	578
430	503
450	458
404	476
362	458
328	417
331	449
378	470
399	476
439	470
472	550
482	616
540	682
568	748
551	788
512	755
483	755
423	692
340	690
312	616
306	540
254	528
265	526
244	481
254	433
256	446
293	410
299	452
285	422
281	408
291	428
306	496
340	526
322	563
358	674
415	772
536	910
636	987
615	933
607	935
643	933
642	906
630	843
559	879
572	815
541	800
552	748
502	716
457	640
472	600
524	571
534	551
554	550
552	542
552	552
568	602
633	613
711	675
823	760
854	818
812	817
829	847
823	889
848	862
845	877
873	800
813	739
869	700
843	692
802	663
801	623
765	614
755	587
752	568
733	588
705	569
701	550
737	586
733	591
752	632
734	694
820	668
869	768
976	795
1015	953
1131	921
1103	886
1140	882
1144	866
1132	882
1164	856
1188	807
1214	734
1197	681
1104	576
1013	546
932	566
888	546
831	543
788	522
692	509
668	542
697	569
748	659
728	721
735	775
824	869
858	933
969	987
1039	1062
1008	982
992	985
985	1031
889	1068
945	956
845	939
848	849
821	778
790	757
759	787
715	766
708	749
651	790
647	749
627	781
602	810
610	859
615	830
697	923
730	986
803	1104
871	1168
1035	1231
1085	1356
1040	1331
1025	1295
1063	1311
1068	1302
1114	1317
1157	1204
1054	1160
1062	1016
989	942
894	871
839	833
824	772
818	792
811	752
809	766
799	749
780	708
794	745
898	750
966	798
1020	826
1112	951
1205	1048
1278	1104
1410	1065
1402	1085
1332	1132
1232	1081
1182	1029
1152	1009
1129	1000
1114	941
1092	906
1047	883
969	874
956	831
896	843
913	821
803	832
820	789
819	783
814	776
880	745
985	785
1110	833
1187	922
1280	965
1393	966
1311	983
1350	964
1325	964
1400	952
1373	992
1290	901
1291	867
1140	769
1007	763
975	762
954	747
879	748
830	731
804	736
781	714
819	680
832	698
866	713
951	803
1008	855
1112	892
1229	962
1321	1050
1353	1097
1368	1027
1316	1066
1252	1039
1185	1061
1167	975
1067	1020
996	946
885	888
815	842
776	756
684	725
667	646
592	583
560	536
529	455
579	478
572	488
553	474
619	456
706	485
764	498
821	455
865	434
960	478
954	477
913	517
911	548
886	561
865	559
852	578
799	578
747	544
696	602
655	598
633	654
633	619
607	652
638	701
616	686
601	680
640	684
682	730
736	824
729	886
777	999
872	1116
907	1203
985	1167
878	1152
891	1197
888	1247
849	1120
879	1106
851	1020
751	1001
771	987
760	885
740	883
768	826
757	806
736	732
678	733
709	734
651	707
663	718
738	725
726	765
783	834
783	890
895	898
944	1034
953	1062
1023	972
1074	938
1149	992
1205	973
1205	997
1052	1010
1005	930
955	867
940	855
897	856
850	851
719	748
699	676
633	670
626	630
577	648
554	664
570	699
701	722
717	762
852	827
900	849
972	887
985	964
951	980
946	949
893	912
942	834
894	832
842	795
745	781
668	767
658	776
637	728
601	628
552	643
504	653
456	640
487	643
439	632
447	567
508	557
537	563
525	648
615	692
695	675
666	706
684	767
642	790
640	784
628	787
616	761
628	767
572	746
558	711
538	697
522	671
479	577
459	561
409	502
376	460
363	465
344	423
376	384
399	380
453	408
502	386
473	430
512	434
558	522
610	503
663	490
558	479
645	559
567	513
544	543
567	553
606	478
554	386
561	389
553	449
518	415
497	405
471	413
439	365
419	319
432	297
440	276
415	239
433	241
469	235
483	254
621	371
606	417
682	473
810	502
785	420
842	459
923	473
889	520
924	539
783	490
655	461
635	418
642	393
612	363
525	315
501	280
495	289
480	260
483	241
463	210
459	205
426	224
454	241
468	228
456	221
499	219
509	238
560	249
554	261
555	279
619	325
597	307
580	275
582	279
563	263
495	241
488	202
425	181
471	155
453	203
413	196
375	152
329	126
349	127
364	128
360	151
374	130
382	166
465	176
490	152
466	195
538	219
507	211
490	199
554	179
579	203
515	177
497	162
496	173
437	162
458	172
431	134
390	108
358	105
366	97
345	103
352	142
411	144
434	178
442	131
525	122
558	155
645	176
723	182
735	236
786	248
695	247
715	189
696	214
708	226
674	199
625	199
522	223
463	245
460	284
477	278
529	230
575	215
505	265
459	263
432	212
407	253
428	278
443	284
430	289
417	303
475	287
560	425
633	499
605	516
610	508
584	499
573	509
521	451
496	473
461	453
455	379
436	335
332	344
335	324
357	305
322	268
318	261
345	261
318	233
337	243
342	220
425	225
437	217
546	263
616	258
686	323
706	331
749	350
684	312
754	319
847	307
820	315
820	389
822	392
879	425
746	480
707	444
633	436
585	398
603	429
562	473
596	493
572	478
567	504
605	501
654	559
694	567
741	574
796	647
829	671
737	739
788	855
687	869
593	864
595	837
572	777
514	766
477	714
437	782
386	717
345	659
320	689
318	703
331	684
306	685
319	611
314	605
301	585
307	606
331	644
347	688
377	703
439	718
445	747
481	825
452	927
444	947
442	885
512	974
491	891
514	914
420	880
424	917
412	865
383	774
317	770
281	703
250	669
262	642
264	647
279	679
281	675
306	733
301	773
355	795
435	852
491	988
518	1097
583	1226
540	1314
547	1298
649	1291
685	1383
667	1300
688	1259
692	1229
636	1134
539	1036
565	935
593	884
590	865
560	842
541	821
521	753
503	726
465	698
492	716
509	782
483	823
542	883
506	896
550	993
609	1134
632	1140
600	1121
558	1131
510	1064
500	947
500	915
487	880
581	845
531	766
484	759
470	732
502	686
468	625
445	613
437	574
472	605
462	536
469	527
483	508
512	494
541	532
557	605
618	663
730	674
766	747
706	856
711	893
698	909
657	849
680	858
599	791
601	742
553	693
538	563
519	458
513	416
455	439
412	375
356	357
355	309
330	330
301	350
281	350
313	373
339	344
319	372
337	382
397	445
459	413
456	451
465	453
485	442
429	433
390	480
341	496
264	509
289	476
273	512
270	505
263	522
245	516
273	449
295	418
293	427
317	421
373	448
392	453
412	480
445	561
490	557
514	611
543	644
565	672
555	603
582	603
476	603
537	542
503	561
537	502
537	461
557	456
543	416
490	421
501	415
559	408
604	380
528	400
513	376
550	368
539	358
559	429
542	373
570	396
556	446
679	479
752	474
756	520
747	520
747	498
737	446
669	435
588	421
589	385
515	297
464	256
488	266
380	273
331	256
303	291
318	266
329	300
314	271
316	231
381	270
411	302
456	326
490	325
560	298
590	329
673	382
637	459
650	503
686	485
661	504
681	509
650	481
650	456
604	427
541	404
502	389
493	340
492	368
405	414
397	398
361	415
402	398
423	367
406	379
427	377
407	385
345	417
409	484
373	543
451	527
489	531
506	659
494	631
568	584
451	554
490	557
454	496
422	489
414	479
397	425
318	459
265	420
251	386
228	312
241	291
218	302
268	305
288	299
312	344
335	426
347	458
432	503
464	534
568	580
605	611
579	681
581	704
628	732
571	693
525	629
527	636
469	593
451	524
402	542
379	540
390	573
357	547
343	532
324	549
303	574
286	518
300	513
344	530
388	532
417	564
425	553
433	602
495	670
475	718
440	700
411	654
465	724
503	698
448	630
412	598
397	505
345	517
355	514
338	452
303	458
353	449
333	453
332	412
355	333
334	304
336	313
357	350
418	409
476	432
525	454
634	494
669	507
761	513
779	461
784	486
803	468
801	507
780	498
727	472
648	456
694	414
654	484
573	481
538	394
549	358
523	336
544	293
457	298
460	274
475	276
432	279
411	322
446	356
461	424
531	463
568	534
667	605
735	666
799	743
816	769
823	732
756	722
778	673
819	601
780	539
662	563
666	557
679	546
652	559
617	551
587	489
615	485
562	489
553	496
558	549
604	588
676	611
754	696
803	716
858	841
961	855
911	803
804	802
830	744
789	665
737	687
703	636
693	651
691	645
682	514
643	485
633	431
613	399
602	381
539	417
506	447
490	432
496	425
559	485
565	489
586	591
543	623
529	683
555	726
652	753
664	718
649	749
643	733
675	696
636	637
561	618
440	591
434	581
422	552
436	504
409	444
386	416
354	414
349	398
308	394
282	355
250	354
276	369
302	334
299	360
346	352
356	358
373	376
455	466
468	477
472	577
487	593
518	602
543	601
552	641
519	637
456	573
510	549
448	501
461	475
426	454
396	439
381	437
357	411
369	394
307	352
296	381
234	501
253	594
308	720
284	740
296	769
262	851
268	803
312	781
364	779
341	790
337	758
387	811
394	756
333	610
326	571
236	565
216	547
233	504
243	456
223	459
196	437
197	473
225	456
213	449
235	449
237	469
327	488
356	574
364	619
384	638
390	610
360	622
334	635
360	601
346	521
355	552
293	556
302	496
308	465
279	449
249	400
274	390
219	343
246	359
284	350
300	322
277	336
288	321
281	361
288	369
287	423
211	521
171	564
195	615
202	641
212	642
253	724
258	727
279	731
263	669
204	661
159	576
196	554
161	541
179	519
149	500
140	467
113	442
122	423
147	402
141	419
179	442
208	380
230	383
257	425
283	459
367	545
361	577
403	513
432	498
501	502
500	408
511	365
490	288
459	289
481	282
478	288
481	317
446	286
433	255
419	283
454	299
439	266
444	283
466	358
492	382
549	443
564	448
623	460
688	535
688	641
730	704
732	604
698	584
706	660
805	741
671	738
727	685
687	674
565	637
547	629
527	605
570	603
545	527
565	454
505	434
483	389
468	307
504	302
507	334
548	334
607	328
648	396
705	461
776	439
792	415
665	366
698	390
708	318
743	345
733	350
689	388
616	329
567	311
533	266
470	297
475	254
450	224
455	231
457	227
459	212
452	245
452	199
479	172
520	189
528	210
597	227
672	228
751	256
830	318
757	363
766	402
847	469
869	521
871	500
891	527
879	564
831	636
816	620
748	632
722	624
699	585
740	522
748	499
723	503
698	508
752	522
757	566
856	642
933	638
973	681
1015	793
1154	838
1177	915
1180	849
1154	812
1172	850
1042	894
976	872
970	839
922	787
893	796
820	698
766	618
720	576
670	599
684	565
618	487
562	437
554	449
542	457
490	490
469	503
463	523
513	588
508	581
570	643
607	650
605	607
640	654
697	682
555	678
513	690
535	681
545	627
464	525
413	513
435	507
355	447
314	461
336	428
276	489
258	523
218	515
187	514
194	525
206	600
223	616
245	589
302	686
347	757
372	777
328	931
311	960
340	898
314	886
275	934
276	883
253	821
249	758
270	676
249	618
284	580
281	549
277	492
289	472
285	486
257	470
264	482
243	474
240	540
268	597
294	637
334	681
418	759
405	759
335	740
335	809
365	735
332	683
363	666
361	682
320	660
375	623
346	574
272	580
257	555
244	583
250	544
217	535
220	455
239	448
232	424
264	413
278	487
264	509
308	501
335	543
323	639
329	662
321	610
329	576
356	642
324	656
276	688
301	711
289	753
308	743
304	678
281	682
270	635
248	551
242	570
203	557
200	569
210	559
214	639
182	649
183	662
170	783
203	825
219	890
274	978
284	987
262	1001
312	987
297	1062
253	1114
177	1081
153	1025
149	971
125	967
133	903
159	860
118	833
139	813
117	836
98	824
114	785
110	775
117	809
117	816
148	855
161	859
203	962
237	969
264	908
260	1012
282	1107
296	1130
304	1198
314	1096
294	993
318	1024
275	982
272	887
295	887
296	885
289	901
310	881
278	868
283	887
272	852
291	814
302	846
337	865
370	863
360	903
389	955
452	1100
508	1154
511	1178
505	1142
509	1199
492	1173
476	1238
528	1214
498	1087
429	1009
419	918
392	893
396	812
373	786
314	806
362	759
321	731
245	713
238	705
262	700
290	708
283	723
303	759
354	785
386	738
415	792
399	806
421	805
423	810
460	760
475	733
413	722
404	663
344	659
324	675
353	674
348	617
349	619
276	656
249	661
242	646
232	656
256	654
264	633
283	715
331	741
340	844
343	941
351	901
372	967
389	1025
397	1019
430	978
509	898
499	938
494	841
480	806
492	785
471	712
453	689
429	684
426	638
464	569
415	566
421	555
427	581
464	576
474	557
465	543
507	610
525	718
526	735
583	823
641	886
741	903
676	952
752	922
722	891
677	887
635	865
614	842
615	748
606	750
600	717
572	689
627	687
590	656
543	570
592	585
532	552
504	591
544	608
586	679
646	710
706	782
672	809
768	946
743	970
759	1036
823	1036
753	1047
743	1002
648	1018
694	994
775	932
684	870
697	824
682	781
696	699
639	618
626	615
591	576
575	521
587	524
563	543
504	579
542	606
569	635
547	707
609	730
681	797
703	908
696	992
700	998
635	1053
646	1035
614	1016
658	1007
677	921
650	847
594	861
564	879
521	810
495	779
504	734
569	702
584	650
572	655
576	658
525	748
578	809
601	843
630	983
746	1023
859	1064
901	1134
953	1189
954	1112
981	1005
995	996
937	1044
884	1109
778	1077
795	985
775	881
733	860
702	861
667	845
659	785
638	734
628	683
606	617
620	613
669	588
688	627
760	621
799	676
886	763
983	797
1103	911
1218	1061
1190	1124
1156	1092
1233	1110
1222	1100
1270	1040
1305	935
1149	906
1148	983
1088	908
996	857
1003	813
891	805
897	810
847	769
788	702
769	650
806	614
857	642
894	655
920	735
990	786
1064	898
1137	992
1267	1101
1225	1037
1212	1059
1146	1039
1119	1019
1060	1023
939	1004
903	911
850	839
815	746
774	747
698	765
642	781
638	718
604	688
595	672
560	617
550	604
568	560
586	545
566	624
595	716
654	847
729	948
689	1101
741	1106
713	1078
666	974
664	950
633	930
649	963
568	853
576	779
502	747
522	688
510	665
508	631
448	613
402	560
387	569
359	585
345	502
371	540
422	594
440	655
446	771
481	867
547	1056
552	1203
543	1169
513	1154
508	1137
503	1166
516	1145
471	1055
492	1058
497	1019
461	1008
459	938
420	861
397	866
384	819
389	777
405	753
410	770
424	732
480	766
528	773
559	850
612	887
731	960
766	1065
835	1083
830	1197
761	1191
760	1142
722	1243
741	1216
690	1211
593	1133
486	1069
473	1040
450	1010
449	943
386	920
371	949
356	932
354	920
349	880
357	904
393	927
390	976
442	1086
532	1227
577	1341
646	1364
730	1482
796	1479
800	1401
824	1452
714	1427
691	1379
704	1211
666	1106
568	1032
524	985
461	940
419	873
345	845
327	758
296	772
251	711
265	663
240	732
218	709
265	765
290	867
286	914
320	953
399	1035
524	1121
465	1160
560	1208
607	1245
619	1176
606	1131
541	1108
553	1107
566	1008
545	964
603	971
601	973
612	878
564	895
564	860
562	861
572	835
613	897
638	944
767	972
798	1077
830	1070
889	1141
974	1281
1066	1410
1078	1437
1040	1359
1075	1353
1088	1397
1042	1389
1002	1360
963	1270
856	1136
872	1018
932	997
897	922
940	815
867	758
798	802
827	753
871	712
823	703
904	724
950	774
957	820
1066	897
1129	1013
1122	1151
1211	1206
1257	1219
1200	1185
1130	1178
1176	1064
1086	928
1007	950
894	969
837	963
858	916
789	818
709	693
724	733
675	705
663	694
572	688
576	700
555	658
597	627
665	616
661	577
685	571
713	578
710	686
784	775
778	776
777	807
708	752
717	751
685	761
679	701
642	650
575	518
574	523
569	487
573	462
526	428
482	410
497	408
539	449
518	406
583	418
586	474
607	482
547	499
589	541
575	665
582	622
640	660
647	689
639	705
688	737
632	714
667	808
743	806
619	797
555	790
490	731
437	676
484	690
483	659
450	605
453	566
492	546
455	539
436	562
402	599
403	568
440	572
550	626
515	677
607	733
744	849
807	758
780	792
861	747
849	728
854	686
831	689
712	710
659	778
574	759
550	693
571	688
534	649
483	629
459	649
428	635
414	621
386	639
406	610
379	649
394	693
455	794
532	848
569	911
610	917
625	875
546	812
519	845
493	766
515	731
568	726
525	784
494	695
490	688
481	755
460	780
411	750
390	712
398	696
425	591
463	551
490	545
458	563
499	610
563	660
602	771
699	794
786	867
866	949
809	970
778	993
860	951
934	977
909	942
848	935
745	832
720	839
698	830
675	813
675	802
694	737
655	664
649	648
637	577
615	603
611	592
645	640
624	622
716	694
850	847
1003	890
1046	933
1107	994
1058	1046
1077	1074
1061	1176
915	1141
884	1082
923	1044
867	990
770	933
808	933
733	897
741	926
722	854
709	847
629	744
613	719
604	673
620	588
684	515
716	537
790	596
869	670
923	776
924	876
953	872
969	877
946	851
1034	889
987	893
960	999
911	954
798	873
785	839
853	829
864	813
870	796
763	757
725	784
695	693
624	706
602	662
621	672
665	661
692	679
682	709
761	674
826	717
912	738
1032	845
1112	839
1125	932
1143	925
1158	885
1159	817
1125	763
1014	817
1031	769
912	756
884	729
818	702
754	701
722	647
649	636
637	580
650	576
629	560
623	661
676	636
720	731
801	813
810	858
880	894
931	877
900	905
876	970
920	927
873	901
889	908
811	921
823	909
777	903
707	857
675	790
558	741
539	716
510	719
496	746
475	671
482	733
469	762
514	783
535	809
615	861
721	889
752	1009
828	1073
1005	1167
964	1096
976	1123
931	1169
931	1182
862	1140
873	1114
844	1008
822	983
787	923
690	903
616	909
569	902
548	870
494	855
504	806
571	818
589	868
615	896
629	959
649	995
671	1026
730	1136
779	1265
837	1332
855	1259
874	1310
814	1305
777	1285
770	1308
698	1170
616	1094
620	1021
656	991
598	966
572	928
580	902
532	837
480	769
468	739
561	677
591	615
639	636
652	698
641	766
700	820
758	787
754	896
747	952
660	949
687	996
705	896
669	858
695	854
604	901
548	916
554	887
584	840
529	825
478	865
443	807
409	814
364	714
378	680
348	597
327	636
349	634
343	668
421	720
485	749
530	796
575	884
607	904
657	924
713	890
726	710
697	694
646	675
654	629
615	587
552	521
576	489
514	498
440	422
436	412
411	404
410	373
455	381
490	404
498	383
500	443
484	433
499	488
585	558
663	552
689	571
812	642
834	616
785	591
824	549
838	540
776	548
760	489
741	433
703	484
633	512
712	468
641	469
609	419
553	423
539	378
513	363
489	384
510	414
506	417
562	416
526	431
556	447
597	445
618	509
691	540
667	478
660	503
672	578
670	510
676	472
613	447
575	426
546	414
561	409
555	376
567	392
502	403
480	394
478	415
455	439
443	444
461	443
528	496
536	500
597	521
620	553
595	593
650	666
754	753
788	664
824	674
739	721
749	675
764	681
692	634
674	581
632	550
668	518
658	491
587	497
500	504
486	520
510	514
392	486
383	438
385	455
429	516
471	501
474	516
518	502
611	546
719	649
672	739
679	656
674	739
770	683
771	605
790	631
736	641
629	613
558	589
529	627
532	553
545	583
518	563
565	513
554	460
594	426
595	431
646	433
714	437
779	436
854	511
904	551
956	548
1015	617
1096	746
1061	685
1081	675
1169	704
1219	644
1292	647
1236	638
1173	674
1107	594
986	544
1021	489
951	493
945	435
954	423
938	436
899	423
915	506
964	480
987	439
1003	458
1163	466
1216	543
1318	594
1417	555
1522	540
1579	540
1500	533
1512	507
1441	437
1494	422
1435	457
1323	418
1289	341
1224	317
1150	286
1045	341
947	313
891	304
861	302
860	315
856	342
875	356
847	396
934	437
996	419
1020	492
1058	571
1095	570
1237	614
1191	594
1172	582
1185	591
1258	635
1322	625
1245	609
1118	507
1087	494
995	513
899	529
875	510
816	508
759	433
728	437
663	440
644	467
716	521
710	512
749	554
823	656
841	749
869	879
907	949
835	1002
889	920
922	885
899	823
862	838
877	853
801	840
773	740
668	699
704	690
676	684
650	691
592	706
607	670
571	680
601	611
532	625
560	624
550	698
622	709
635	746
679	850
768	892
909	955
920	1005
934	927
888	866
909	882
911	875
909	919
928	878
804	828
750	813
706	760
623	762
574	729
538	720
505	695
450	694
446	602
440	584
450	588
436	593
460	647
515	682
628	710
735	818
808	912
945	929
999	922
1066	935
1072	927
1099	950
1089	919
1038	864
950	793
930	751
919	773
843	751
812	679
766	658
799	649
804	586
729	587
782	594
799	593
794	647
808	693
804	748
846	898
832	936
908	1036
910	1100
814	1178
727	1127
668	1132
636	1136
706	1134
667	1112
614	1023
528	943
504	964
410	919
484	838
442	791
400	735
362	706
331	673
315	683
336	760
367	731
389	760
469	866
547	1010
595	1176
641	1161
557	1163
547	1165
562	1129
513	1276
533	1240
563	1188
464	1142
491	1087
480	1075
490	1051
478	974
444	960
444	823
458	841
405	800
403	843
353	817
332	814
343	840
358	835
368	874
423	1008
515	1120
497	1139
605	1259
597	1219
550	1253
561	1305
548	1274
519	1198
557	1029
488	942
527	885
516	812
499	736
469	708
428	680
452	600
425	585
425	591
435	615
480	645
474	705
487	751
468	803
526	889
619	885
707	849
804	933
707	973
738	952
702	1006
773	965
786	842
822	798
805	841
690	756
640	705
651	692
645	661
610	726
608	688
576	664
610	638
611	628
599	611
643	636
684	692
685	765
785	886
890	944
934	1081
1078	1216
1088	1152
983	1141
1011	1127
888	1172
879	1127
826	1101
701	1018
714	948
702	923
682	884
658	881
707	891
693	806
635	752
622	696
655	702
616	716
644	776
634	776
616	772
636	804
696	876
761	985
795	986
699	1003
728	1048
696	1012
650	1041
593	976
568	1005
590	905
509	912
513	867
478	849
493	821
470	760
457	706
448	700
388	711
399	690
408	641
426	708
451	726
454	756
463	877
529	963
536	1064
562	1078
559	1059
517	1104
469	1070
449	1089
455	1074
432	962
399	923
378	810
386	768
375	765
411	732
388	702
386	672
377	694
367	650
352	630
397	565
426	608
481	654
536	723
553	729
578	744
555	873
604	942
628	943
691	911
722	906
702	938
727	887
720	843
706	704
750	672
671	705
649	676
638	641
651	656
597	670
581	627
596	561
640	598
692	638
740	652
788	693
843	654
921	694
1088	760
1186	790
1264	770
1254	774
1239	760
1130	765
1149	694
1120	707
1125	703
1079	542
1048	549
965	614
907	604
829	566
802	568
759	541
773	547
704	478
733	470
692	447
712	473
732	455
800	511
860	497
860	536
891	559
947	616
984	677
946	609
992	556
980	503
1021	509
950	469
912	470
882	463
880	435
853	441
874	460
821	410
781	378
777	337
733	350
705	341
825	345
861	342
857	329
917	330
995	404
1085	479
1151	492
1283	507
1221	508
1215	551
1256	522
1243	528
1296	554
1291	550
1235	494
1186	469
1175	395
1141	389
1088	358
999	356
963	412
968	417
950	368
912	348
936	381
946	367
931	366
982	338
995	356
1043	303
1180	359
1233	338
1178	305
1202	268
1161	301
1172	367
1185	344
1142	300
1120	315
1096	298
1037	295
975	288
970	255
917	272
923	275
912	283
880	285
859	307
852	321
866	382
899	406
951	458
1006	444
1066	435
1152	463
1204	515
1277	500
1351	474
1360	505
1275	541
1216	512
1200	507
1143	492
1092	507
1102	492
1083	439
976	475
951	410
921	443
865	468
780	452
768	505
769	470
850	427
866	383
948	377
1037	412
1095	449
1186	487
1334	512
1315	553
1267	583
1279	555
1217	567
1146	564
1029	550
1011	502
910	498
824	478
831	472
895	433
840	443
783	442
804	394
758	396
806	437
800	488
784	544
809	581
863	629
1015	720
1065	774
1102	803
1208	876
1244	852
1163	953
1184	1020
1184	1099
1147	1162
1054	1126
993	1011
891	909
928	892
892	832
841	713
870	703
823	717
808	679
759	709
712	664
754	691
796	629
784	601
822	632
799	690
770	756
769	817
779	987
773	1089
840	1078
868	925
834	912
802	909
803	954
746	869
759	835
821	782
761	719
688	655
650	627
616	605
572	594
552	553
572	538
563	573
525	565
531	555
561	639
514	666
534	677
574	740
670	775
655	767
741	753
709	732
740	720
775	708
767	671
720	596
677	506
620	529
595	489
547	505
576	494
569	445
541	499
542	501
544	527
522	579
544	596
586	666
618	716
662	747
699	803
819	864
922	936
788	952
842	965
848	942
792	892
757	902
736	907
688	837
687	694
688	745
599	738
623	669
611	599
590	625
567	591
511	572
499	575
528	599
524	620
498	579
531	679
513	752
541	802
571	880
608	927
655	861
698	857
747	775
760	701
772	656
671	627
612	615
602	541
560	481
543	492
590	453
558	444
571	422
612	402
570	386
571	356
565	381
629	391
710	395
791	417
880	480
968	515
1097	544
1178	558
1220	603
1235	613
1302	625
1194	589
1187	578
1119	611
930	619
933	573
962	574
971	560
903	557
823	480
771	478
719	508
668	503
686	479
694	483
720	478
779	493
837	519
861	612
882	706
937	822
1060	860
1087	961
1137	882
1214	970
1136	1005
1105	1006
1087	979
1052	1000
977	972
968	903
923	813
879	787
812	779
820	749
835	734
764	714
798	694
802	721
770	710
769	823
826	902
879	942
948	1007
1000	1063
1015	1119
973	1050
989	1042
1006	993
960	1042
984	1016
922	968
833	931
840	991
795	944
791	857
791	889
769	945
765	871
755	771
753	712
746	762
731	817
754	838
804	915
821	975
911	959
1003	1000
1046	1116
1167	1197
1210	1228
1247	1227
1206	1218
1122	1244
1106	1254
1014	1196
1005	1205
963	1127
984	1034
888	920
955	928
928	858
863	784
788	722
766	699
824	688
828	698
858	724
872	763
895	889
954	985
1009	1118
1169	1085
1257	1173
1244	1215
1228	1241
1208	1176
1159	1069
1196	1092
1200	1028
1152	954
1040	911
975	819
919	791
877	733
819	731
791	670
784	599
691	564
652	555
631	539
707	548
730	633
790	679
811	749
875	787
950	858
970	937
945	947
968	932
942	985
899	954
862	890
725	816
689	758
638	717
562	674
579	662
596	665
560	625
560	588
515	580
458	516
447	533
455	494
501	473
582	518
674	571
830	633
939	746
959	804
1019	848
1050	793
978	818
988	838
893	775
896	880
780	868
764	798
748	749
763	727
761	697
697	636
677	634
586	655
612	648
622	599
552	612
570	590
600	667
589	655
627	737
724	800
747	914
762	984
760	1069
726	1087
728	1062
696	989
752	962
791	935
711	910
674	863
675	777
624	719
602	654
503	638
497	622
418	613
447	666
458	681
449	656
478	729
478	700
448	720
482	704
514	789
566	741
599	825
579	946
496	876
486	816
455	788
473	812
479	712
400	758
324	707
309	658
321	602
290	617
277	598
251	572
313	590
288	612
273	536
289	588
302	564
336	618
353	685
363	718
385	763
424	796
542	870
628	981
624	1003
594	925
648	876
671	795
619	798
635	775
653	745
603	697
539	701
495	657
491	598
470	474
448	402
366	379
360	404
390	429
358	452
354	497
328	549
333	597
420	637
464	665
493	734
545	784
554	788
516	744
517	773
427	737
365	750
305	704
315	716
269	645
218	696
190	692
231	637
235	640
204	698
192	702
161	727
173	753
195	731
210	764
213	768
227	788
250	815
245	914
312	1032
356	1121
376	1142
396	1105
445	1131
438	1131
477	1060
450	1010
427	1042
387	956
390	887
357	888
375	843
353	785
321	769
288	745
235	733
239	683
263	655
271	675
273	690
304	772
374	804
457	880
455	941
397	997
358	947
393	999
364	1037
434	1040
348	886
362	874
368	808
331	739
275	787
244	718
232	635
245	644
249	641
263	639
289	676
333	658
322	681
328	697
322	680
363	751
376	846
385	907
385	964
463	1074
415	1072
427	1048
382	1067
362	993
341	1028
314	965
252	922
233	944
216	961
219	959
261	885
199	877
190	826
202	829
199	752
185	670
139	691
164	711
206	818
257	852
253	968
237	1112
271	1187
276	1306
306	1328
311	1305
272	1338
208	1274
220	1424
216	1311
191	1281
138	1248
167	1226
147	1170
146	1085
174	980
190	916
182	861
204	860
173	867
186	862
202	921
196	919
245	1003
295	1008
366	1131
369	1114
422	1157
468	1198
467	1204
471	1197
449	1181
363	1248
315	1224
296	1113
325	1032
290	964
337	909
321	868
306	853
323	861
322	826
288	746
276	754
309	757
264	811
285	853
327	905
353	960
418	1058
452	1063
502	1165
569	1095
594	984
629	1004
611	946
684	920
689	936
677	864
680	872
636	888
655	828
594	722
547	688
602	639
577	653
550	644
525	683
536	685
542	711
592	726
591	687
705	720
773	714
802	792
922	859
887	885
920	908
911	929
830	885
822	905
751	871
719	843
726	806
648	788
639	743
632	633
620	670
587	645
580	704
627	730
670	708
712	686
736	738
733	766
769	864
797	929
842	983
926	967
1004	1037
983	1057
921	1035
924	1000
886	948
972	901
958	798
882	780
799	757
755	687
603	663
543	643
443	584
443	591
421	565
403	503
420	537
440	524
502	545
582	602
690	629
735	649
881	673
978	787
977	817
946	837
869	947
901	914
920	878
921	854
905	804
860	751
845	677
910	613
846	628
781	573
682	566
691	588
651	594
652	580
626	548
597	540
577	564
520	632
497	699
545	758
540	822
597	948
653	1040
643	984
696	1076
613	1058
639	1031
613	977
646	883
559	895
514	792
495	751
453	687
478	649
437	648
383	598
368	595
357	633
385	607
404	652
404	706
413	720
496	768
595	778
592	874
628	920
726	965
610	891
630	936
660	948
656	863
603	864
651	866
631	798
594	787
503	691
494	634
466	670
452	599
442	600
405	559
452	524
476	518
473	530
503	527
577	526
599	530
646	639
756	667
865	761
988	744
920	741
984	748
962	735
889	707
875	660
779	647
674	632
671	603
615	530
600	467
556	495
554	485
548	511
516	479
489	446
494	453
485	471
494	449
578	548
586	480
705	506
773	588
811	654
815	724
804	710
819	762
841	778
738	772
696	741
657	661
650	648
620	664
564	643
578	560
500	555
464	509
444	459
412	456
424	484
431	513
409	499
412	552
473	613
485	622
502	708
542	750
610	740
598	860
643	893
640	942
675	1045
638	1053
574	1040
560	930
468	858
479	768
429	765
395	669
397	692
361	687
324	621
303	607
275	582
250	597
234	600
213	591
276	643
280	641
254	664
260	683
238	777
277	819
248	775
232	736
228	777
205	799
268	777
287	715
277	674
267	698
276	657
317	605
314	583
276	581
286	594
290	618
310	556
357	614
350	575
337	609
348	599
363	603
418	651
423	666
433	667
441	674
398	678
448	747
359	780
332	678
280	653
183	586
178	553
142	498
103	441
112	501
105	513
106	434
109	435
73	462
81	450
96	461
96	453
84	474
77	482
91	518
56	556
82	637
92	739
97	730
123	658
134	746
163	905
179	865
127	849
130	793
126	688
119	614
134	569
119	472
112	473
107	443
105	441
109	382
125	390
128	362
124	352
109	380
112	422
144	420
159	410
209	407
244	395
265	360
231	350
262	388
213	342
190	305
158	330
151	335
149	282
125	319
85	264
91	204
96	215
108	187
82	181
79	171
81	156
102	195
106	209
110	270
97	294
133	305
113	387
95	377
136	379
149	429
125	430
74	447
78	484
132	444
151	470
112	492
102	394
115	450
116	443
143	486
108	431
102	443
118	410
104	393
68	304
65	299
93	330
112	339
119	388
109	457
127	514
135	591
147	693
147	803
176	768
208	750
239	715
188	612
185	643
145	585
141	557
131	538
160	468
163	483
203	499
198	458
168	457
180	435
157	435
127	457
129	424
171	404
172	430
202	443
229	488
266	509
334	618
409	691
344	621
346	644
345	628
341	604
376	647
369	645
364	598
400	546
343	545
354	481
379	430
325	372
316	353
288	364
271	346
299	335
253	339
273	355
294	318
302	351
340	396
394	477
456	459
517	488
482	462
456	525
461	563
463	554
449	538
466	509
422	497
415	487
393	447
355	504
327	488
305	466
273	530
222	564
207	519
178	480
197	509
155	488
143	513
165	574
165	649
177	691
210	775
260	815
291	873
297	909
300	954
297	946
291	925
299	835
276	772
216	706
173	633
199	665
210	621
178	550
190	536
208	550
194	522
201	537
203	591
218	622
230	654
286	701
357	845
366	891
453	942
538	963
626	905
632	860
678	893
613	850
566	805
519	830
460	725
392	800
372	734
356	706
364	609
306	553
297	532
337	532
390	560
476	550
539	590
604	553
694	631
694	670
825	743
909	821
987	855
1168	818
1158	723
1059	775
1052	749
