737	750
766	737
753	772
706	750
698	707
662	658
619	654
545	638
511	575
531	571
562	603
573	594
565	620
567	574
617	642
632	658
695	662
719	710
870	720
882	711
892	820
964	815
990	800
992	753
1019	808
984	835
968	876
845	766
810	781
750	765
708	703
669	751
687	694
638	599
598	598
555	558
526	586
526	564
548	587
606	656
635	702
668	746
705	783
705	871
769	769
716	809
689	746
683	783
691	708
590	692
511	676
464	698
441	599
396	630
362	578
340	580
260	587
242	544
220	496
181	518
204	523
228	517
270	509
291	542
302	597
376	643
341	665
369	729
388	761
378	784
337	843
353	843
409	835
349	851
379	851
373	771
342	737
354	717
380	693
363	739
372	752
395	710
450	626
451	598
427	565
428	603
426	698
437	730
458	769
492	763
521	829
517	896
493	920
509	887
528	890
564	889
605	891
563	888
568	840
493	797
454	769
479	689
508	671
545	689
510	613
493	578
502	587
514	548
465	596
507	558
579	555
614	543
697	542
811	563
913	565
1056	542
1129	576
970	584
930	559
919	594
848	553
801	532
845	513
762	505
788	535
663	485
628	468
622	456
527	403
441	376
414	382
360	326
311	301
313	335
357	340
391	344
402	358
439	411
460	414
444	474
472	477
428	453
420	410
444	430
428	472
460	437
476	471
449	464
439	356
420	328
426	356
467	307
431	313
404	257
393	243
378	237
375	229
406	221
441	227
450	220
463	198
497	204
593	217
599	238
620	256
583	296
588	291
630	283
682	256
690	278
652	321
544	315
509	348
445	308
415	343
419	324
378	296
417	280
412	230
361	212
353	200
368	220
332	291
287	336
319	391
340	473
346	555
378	591
389	693
307	716
315	659
283	662
263	661
312	657
346	565
279	573
292	577
288	551
226	526
207	512
174	433
150	411
142	372
149	338
163	345
170	352
206	319
243	363
260	404
299	457
364	480
455	488
554	584
546	668
547	689
566	632
601	616
621	634
634	555
614	545
628	494
592	481
609	479
584	441
594	454
530	446
486	434
459	396
420	371
389	404
413	471
446	476
445	505
457	527
512	494
499	510
514	488
545	507
542	507
578	612
532	639
535	610
560	583
533	529
462	495
467	469
415	448
437	405
394	384
408	340
389	292
415	291
424	286
391	269
409	328
421	411
452	440
532	464
583	523
629	598
686	624
597	662
572	691
612	716
621	704
552	759
570	688
453	612
410	577
382	533
375	512
322	436
323	408
303	382
285	432
273	444
274	392
253	383
265	419
279	460
262	480
293	534
333	637
351	690
395	714
397	845
313	777
294	774
246	723
269	689
239	691
167	640
187	589
189	572
174	546
188	568
212	523
197	544
229	514
239	508
293	485
326	520
307	528
329	512
398	540
474	614
531	662
529	726
531	821
563	760
511	772
557	787
503	800
526	778
563	704
455	671
398	582
404	579
368	523
370	473
358	424
366	439
359	434
352	431
335	449
346	468
380	549
384	544
360	605
358	690
382	658
408	695
534	718
539	703
557	703
570	764
599	704
628	683
586	696
530	619
534	604
524	579
453	527
414	481
356	503
327	485
351	432
388	417
409	413
359	378
437	425
483	477
530	484
612	498
632	529
677	596
651	743
645	703
620	706
573	804
557	837
559	783
519	674
478	708
442	738
470	696
503	649
428	608
387	636
389	635
331	594
330	542
320	562
327	541
332	554
355	575
384	574
400	607
461	661
460	729
443	837
457	786
470	817
438	825
461	757
478	767
429	691
329	621
313	532
366	537
384	577
320	586
369	531
376	528
346	533
356	554
344	595
310	584
307	576
325	656
358	643
410	718
491	727
539	740
623	759
662	779
696	743
662	731
697	721
599	627
544	591
568	587
504	629
546	597
518	573
531	569
553	585
622	530
640	525
590	518
612	578
622	605
633	666
590	688
651	772
783	872
823	881
807	991
992	1029
953	1034
908	1117
910	1204
895	1125
873	1062
852	1062
788	1012
825	936
770	989
747	939
724	877
723	845
732	816
728	806
702	795
721	777
693	768
733	863
746	912
792	982
847	1094
969	1199
1065	1302
1111	1318
1010	1280
994	1355
981	1366
898	1253
815	1190
821	1207
723	1217
695	1107
730	1050
664	938
607	832
614	759
603	752
577	688
569	621
635	591
681	592
740	632
750	648
751	665
748	754
823	824
937	816
977	815
870	810
868	791
873	859
867	836
880	925
835	787
866	826
772	791
706	731
711	718
652	691
586	660
551	609
538	568
522	540
540	533
586	555
673	582
715	624
787	621
809	638
894	719
966	798
1018	840
938	791
926	780
949	732
943	637
938	650
889	641
818	685
802	610
772	665
700	600
694	526
704	513
638	426
650	455
612	417
614	392
639	403
704	419
692	428
794	498
833	540
895	608
1010	668
1051	726
1059	668
1108	661
1051	725
982	670
958	658
914	584
871	600
880	580
916	537
771	545
669	619
598	599
507	577
471	596
510	557
510	577
502	614
490	638
493	693
497	730
555	773
647	819
729	908
753	918
847	962
923	964
919	986
796	1016
787	1002
708	883
683	865
660	807
701	770
700	720
652	686
616	639
604	619
615	602
651	612
680	573
664	610
709	624
751	654
768	724
841	810
960	882
1033	949
1080	986
1060	893
1027	905
985	845
1037	881
996	826
923	776
875	702
846	639
767	574
688	601
650	600
586	567
508	460
531	400
534	394
529	391
609	438
631	458
589	429
622	434
642	456
745	563
812	595
928	660
847	581
815	660
863	605
760	649
735	647
658	679
697	697
633	595
643	510
651	477
571	522
516	515
524	472
497	439
480	421
508	420
500	445
526	498
638	556
650	564
588	635
632	700
710	670
737	730
804	742
685	751
649	812
680	706
675	629
703	624
633	598
624	570
591	611
547	605
522	578
551	586
475	601
475	586
478	584
509	549
548	554
561	588
511	609
551	660
575	763
673	798
746	906
759	906
745	866
723	827
752	901
763	839
722	808
764	691
710	645
597	655
657	620
619	544
585	461
635	436
643	429
593	421
579	414
600	400
593	421
603	444
625	504
690	578
842	655
937	730
1153	782
1271	758
1242	787
1174	801
1176	822
1068	763
1077	787
1068	823
998	755
972	749
923	757
783	698
694	634
658	636
573	562
509	528
477	528
467	593
424	546
443	578
432	595
430	670
485	754
503	824
565	902
577	975
543	971
511	1023
563	1094
621	1076
585	1021
598	971
593	941
574	879
568	861
564	763
535	720
549	697
541	638
574	672
550	648
543	615
491	607
544	679
559	710
648	670
729	826
816	895
880	978
950	1162
924	1113
875	1059
858	1081
928	1107
966	1062
1010	1018
1003	981
924	819
886	752
873	670
826	617
805	594
662	540
671	559
679	571
629	545
686	603
664	594
716	573
712	590
810	607
796	673
849	823
907	937
892	930
892	954
870	952
781	968
756	896
783	820
830	793
735	781
697	774
615	724
613	686
610	676
559	579
547	560
531	546
542	559
557	570
553	646
562	670
589	639
690	715
735	835
765	883
807	923
816	933
887	947
879	930
857	889
825	853
776	829
719	714
660	718
633	687
559	674
522	649
486	627
413	613
417	592
361	598
367	588
354	574
387	639
380	658
426	732
472	873
468	935
475	1006
508	1091
508	1124
590	1175
594	1213
617	1247
658	1311
565	1290
532	1235
500	1225
544	1173
485	1127
491	1112
465	1063
493	1003
502	956
469	956
464	944
509	950
558	935
644	892
744	959
788	1056
825	1121
896	1283
980	1387
947	1398
929	1407
941	1353
893	1306
932	1236
938	1085
889	1092
838	1040
787	939
749	1012
701	945
677	897
637	771
701	677
680	655
627	679
617	689
636	724
652	733
663	735
723	821
773	853
896	939
872	991
833	929
799	887
783	961
772	868
707	870
654	810
655	696
539	589
499	670
459	717
382	708
350	631
294	561
294	546
331	583
336	562
315	536
323	583
327	603
376	650
431	736
512	694
466	738
506	822
507	812
515	817
539	819
592	712
545	697
593	599
592	589
553	491
565	467
516	453
440	436
398	432
367	395
388	394
406	361
417	386
382	372
394	410
438	451
511	502
632	490
707	574
740	602
806	590
799	597
758	601
702	636
655	651
626	677
508	714
513	651
466	575
445	580
401	483
371	473
370	495
333	464
348	447
334	465
332	459
336	439
332	480
364	528
365	588
443	647
436	678
539	679
564	751
417	752
353	844
346	838
333	869
365	881
310	745
335	690
306	656
309	536
339	510
323	516
282	485
243	453
211	381
195	373
211	352
217	376
198	445
229	471
239	479
288	528
284	549
334	588
323	612
300	717
310	655
306	693
306	677
328	714
365	671
371	641
384	605
407	662
374	660
392	712
440	731
440	689
374	678
370	669
350	641
361	640
380	725
397	688
429	759
499	846
491	895
635	959
809	1002
780	1051
778	1052
748	1002
730	1004
827	965
840	958
834	887
779	802
710	753
743	633
681	656
657	604
629	569
582	548
576	567
514	560
569	546
622	573
654	583
686	581
808	700
883	778
956	929
1039	1033
992	1060
962	1000
1057	927
1086	871
1043	862
955	893
911	814
847	761
813	731
751	704
715	696
654	726
674	730
634	771
554	687
526	656
538	698
548	712
558	735
546	855
611	999
700	1051
733	1083
780	1202
813	1174
755	1224
781	1213
779	1142
766	1161
710	1057
734	1007
698	883
677	792
643	800
663	754
604	748
589	774
597	718
576	667
583	643
596	666
576	664
603	689
590	749
611	870
699	883
783	986
786	1012
818	1007
782	1015
786	999
813	1095
873	1086
860	1001
865	903
826	777
821	696
830	625
753	582
765	621
736	633
747	636
748	611
717	583
721	605
759	688
859	706
926	754
1055	787
1140	839
1254	887
1325	939
1274	939
1338	901
1462	920
1384	815
1329	870
1292	839
1293	811
1245	742
1186	692
1134	733
1037	708
990	661
911	563
852	560
806	536
811	532
823	523
820	502
941	499
961	502
1030	524
1039	634
1038	581
1127	693
999	684
1010	682
1060	740
1096	715
1104	663
1055	630
995	578
938	498
785	477
777	491
771	471
712	407
670	404
663	405
603	419
609	433
626	441
631	505
704	466
713	461
815	573
838	544
960	621
1013	634
925	586
901	610
792	594
769	550
777	613
756	622
681	612
665	676
664	666
615	719
588	649
616	615
598	607
591	558
592	458
561	415
589	439
596	477
599	532
706	610
746	651
783	663
774	711
814	713
769	737
730	723
749	751
760	698
723	608
674	580
645	569
692	613
639	578
557	568
534	548
554	506
529	471
508	522
507	551
530	542
529	575
524	633
582	680
605	669
608	748
620	847
722	839
807	859
794	858
742	783
763	733
754	764
709	776
727	797
647	749
602	631
505	616
517	610
486	603
475	616
516	607
476	642
439	558
442	556
435	573
386	586
430	623
467	704
524	756
610	803
583	888
640	937
610	905
567	914
572	983
580	929
626	959
689	947
641	908
604	799
572	760
611	765
577	748
457	701
390	667
369	638
318	628
342	594
379	584
419	638
481	626
541	619
596	673
571	610
633	655
718	726
811	651
796	657
804	639
800	622
876	614
859	562
821	505
837	565
803	523
776	512
749	557
765	548
744	472
786	418
793	393
769	389
748	375
814	364
816	440
854	502
990	559
1109	622
1209	613
1315	683
1245	684
1206	672
1149	670
1225	563
1272	469
1209	425
1091	406
1029	399
1041	376
985	330
946	340
917	326
894	329
920	351
946	364
980	340
942	300
948	329
947	367
1005	409
1034	466
1105	534
1234	582
1174	613
1146	588
1075	572
1077	474
1092	511
969	478
949	473
849	472
768	405
735	327
683	302
692	287
691	290
629	254
593	254
520	244
487	228
531	253
537	236
581	241
679	279
816	324
850	371
922	439
1000	535
928	481
924	479
930	454
925	390
896	365
916	443
879	500
852	497
761	508
711	470
705	440
644	416
574	398
616	392
576	418
520	453
555	510
570	514
620	592
644	667
579	722
600	755
637	797
678	761
726	753
707	819
679	831
585	817
593	847
595	811
557	775
530	750
554	721
477	666
511	610
475	608
489	658
471	645
426	617
404	607
396	619
445	608
345	560
365	592
388	750
388	850
426	992
408	1098
372	1146
433	1172
448	1129
420	1135
417	1073
426	1070
425	1027
384	981
355	969
328	963
310	915
297	861
299	805
279	779
250	757
272	744
296	697
359	736
360	747
396	807
470	920
528	896
572	1054
629	1183
599	1097
629	1080
633	1101
579	1025
540	912
456	878
483	832
416	865
343	811
338	800
313	740
315	709
296	705
264	686
236	605
265	596
252	556
250	587
259	656
240	680
228	771
274	878
306	1008
303	1007
324	1030
370	1074
402	1134
417	1066
416	1004
431	938
407	960
381	909
333	909
271	853
253	804
251	763
273	768
266	776
265	774
271	770
303	788
302	795
323	844
346	877
403	987
433	1004
477	1065
496	1051
483	1143
451	1144
450	1218
437	1269
434	1282
384	1238
358	1209
356	1196
334	1185
289	1108
287	1055
281	978
290	871
259	866
244	831
214	806
254	786
276	851
284	939
304	969
321	1002
361	1018
345	1090
333	1217
327	1246
339	1209
266	1087
211	1073
260	1040
253	948
246	938
215	953
252	897
184	817
166	792
159	765
147	714
148	703
133	606
147	575
147	567
152	577
190	613
190	682
185	644
241	775
301	883
344	982
372	1016
355	1040
345	1076
344	1010
350	1040
287	1121
269	1071
269	1055
246	1036
244	964
243	878
171	878
190	831
188	823
225	835
218	867
235	877
252	945
226	983
229	1028
274	1108
331	1177
412	1331
428	1418
368	1493
359	1523
386	1563
387	1581
392	1596
390	1553
391	1513
354	1436
328	1393
294	1318
311	1271
254	1162
207	1134
236	1145
257	1098
266	1071
294	1077
312	1105
326	1128
345	1134
374	1263
423	1298
435	1493
437	1549
442	1430
434	1307
379	1421
375	1388
347	1363
281	1281
300	1233
330	1077
304	1033
275	954
270	986
262	954
294	886
300	876
307	813
337	799
311	818
279	872
269	891
235	921
255	993
241	1127
259	1154
283	1325
289	1234
361	1187
321	1205
371	1143
298	1143
284	1111
303	1081
284	1113
288	1005
325	990
303	944
303	872
303	827
291	790
243	779
286	745
235	687
232	741
232	722
209	714
226	698
252	763
296	799
354	825
414	834
475	776
525	799
569	817
573	791
539	713
477	707
473	702
452	727
482	666
390	601
315	591
289	613
307	587
301	612
338	590
283	572
315	554
412	636
479	685
517	770
531	829
591	806
598	911
522	816
626	772
584	778
568	774
600	833
606	750
552	666
509	659
537	630
516	588
508	548
420	552
445	549
429	546
366	470
340	535
370	516
401	487
432	565
479	579
473	643
478	725
550	827
597	832
627	815
641	792
672	859
685	898
689	898
704	854
683	802
603	761
583	778
564	711
511	706
482	667
454	662
463	619
461	612
545	596
491	651
530	697
581	774
608	796
609	815
686	919
789	972
874	966
912	931
945	990
997	1071
968	988
888	944
864	946
766	997
761	937
702	880
680	915
630	842
554	737
578	716
568	648
537	613
547	642
570	674
571	715
582	705
586	782
595	823
660	846
750	882
800	955
828	1035
887	1073
825	1036
814	993
783	921
826	932
746	955
661	893
616	776
609	753
609	753
575	703
594	699
601	762
605	741
590	685
632	717
648	691
649	725
703	748
790	804
897	857
940	955
986	1073
1092	1037
1141	1019
1192	999
1028	927
1017	849
984	839
927	858
837	823
772	795
769	692
738	660
670	603
645	609
597	559
546	561
474	563
456	648
457	669
439	701
435	764
437	867
454	965
508	1014
491	1064
402	1011
410	997
452	1022
490	961
415	1002
443	910
420	917
410	809
411	762
395	725
313	701
279	678
287	635
282	570
220	569
227	533
266	581
273	615
282	633
257	690
282	761
345	811
346	829
348	873
379	815
352	828
342	735
337	754
284	709
288	675
307	651
333	562
324	511
323	507
306	475
277	454
292	436
314	418
377	431
409	422
487	437
496	448
539	492
596	493
645	473
668	509
745	542
843	565
852	528
844	529
871	529
831	571
826	577
849	524
740	495
666	417
662	435
652	457
605	413
598	378
550	373
501	393
523	413
514	434
544	445
523	432
520	408
577	415
624	495
686	485
722	469
754	562
801	623
763	616
792	572
659	581
663	631
598	572
565	554
553	608
566	547
485	512
429	475
525	424
510	409
512	337
492	337
515	313
504	304
492	348
554	353
537	418
527	485
512	527
631	556
646	566
581	474
689	469
660	458
694	415
636	417
560	432
566	434
527	451
477	462
489	496
465	394
453	342
482	333
514	342
477	330
478	320
525	290
564	291
577	261
631	281
675	340
682	352
804	421
831	398
900	409
1026	460
1003	433
881	413
868	390
867	374
815	339
817	357
811	323
852	272
767	224
725	227
707	202
723	181
697	226
709	239
705	245
702	258
795	291
864	309
954	315
1027	334
1156	314
1214	409
1203	379
1285	430
1258	375
1228	347
1172	393
1146	323
1119	334
1055	322
1117	306
1110	251
1027	238
1003	263
973	220
950	253
925	276
920	291
957	347
1008	325
1007	327
1036	342
1107	401
1227	518
1285	506
1340	476
1326	465
1323	501
1346	540
1276	531
1275	591
1199	624
1158	645
1116	630
1131	612
1031	627
968	548
923	554
865	498
902	492
929	504
877	526
872	520
880	563
918	587
846	617
866	635
1092	708
1168	815
1272	968
1281	972
1234	994
1280	1005
1217	941
1219	929
1182	832
1148	728
1040	714
1084	666
1080	599
1062	632
934	575
931	510
866	525
863	539
833	540
839	545
892	557
957	603
988	712
1034	831
1177	869
1224	943
1280	1031
1162	1044
1083	1055
1072	1004
1004	986
986	928
921	893
884	823
807	798
826	773
651	735
664	739
607	665
567	618
550	602
540	590
611	567
554	607
560	592
574	636
688	638
665	772
712	858
706	915
739	963
653	966
614	951
636	1028
551	967
540	930
578	875
557	849
520	809
478	742
539	719
571	634
552	616
566	599
539	539
479	525
496	476
469	500
520	516
509	543
538	591
601	669
651	732
796	811
827	807
745	718
733	796
767	914
732	927
677	894
597	878
545	825
504	771
439	687
479	690
483	705
437	651
411	665
389	634
415	613
396	593
379	605
394	599
338	607
311	611
394	643
462	698
497	770
612	896
533	868
507	961
539	986
519	918
458	912
408	865
385	848
373	825
381	780
347	738
379	706
372	698
363	695
333	699
289	642
278	701
277	734
275	755
310	795
316	876
311	957
301	919
367	916
405	968
464	1008
541	1012
484	999
446	945
502	905
486	903
466	936
433	818
445	762
444	760
486	728
470	721
373	745
324	704
336	632
314	614
314	662
312	685
308	742
343	746
376	825
421	888
401	998
393	1122
376	1205
332	1150
361	1163
269	1167
256	1142
248	1146
281	1055
253	1036
222	992
181	882
230	826
242	809
268	737
243	753
202	718
230	765
230	754
266	759
249	802
250	813
303	901
348	967
403	1033
411	1208
340	1131
378	1142
328	1169
292	1068
305	1117
302	1082
311	1039
278	1029
289	1039
343	996
302	932
273	890
261	792
257	754
256	707
266	723
269	757
286	840
289	909
313	956
381	991
422	1004
396	1095
365	1084
365	1058
423	1026
435	1083
397	1006
381	884
452	867
376	850
340	791
343	766
347	719
338	667
322	644
306	634
301	629
250	601
236	590
205	556
200	627
246	624
343	681
361	739
375	777
372	848
449	890
441	816
470	814
449	933
430	968
475	981
521	992
504	919
537	908
474	871
498	840
513	783
507	734
528	762
472	720
490	654
524	691
577	701
601	691
630	720
609	812
661	894
686	972
669	1012
705	1097
674	1089
672	1144
621	1182
588	1101
688	1100
715	1090
645	1053
608	928
588	913
579	860
555	743
453	669
402	666
363	663
384	702
364	754
329	722
363	723
398	738
436	757
435	854
447	863
527	943
693	1068
713	1148
724	1083
651	1124
596	1140
532	1161
526	1116
521	1021
449	950
444	902
379	869
363	806
362	755
337	748
360	651
365	608
394	562
387	606
369	628
426	685
410	788
432	897
547	937
631	950
662	979
655	942
714	869
656	942
676	971
660	975
678	939
626	956
576	906
545	838
613	745
605	687
581	614
570	563
510	468
509	438
473	412
507	443
513	471
539	513
524	536
538	632
615	674
643	747
660	807
719	725
711	788
746	830
723	911
725	921
696	801
634	665
558	692
564	656
542	627
546	558
546	565
536	525
478	481
442	430
421	399
439	408
448	446
445	491
521	557
566	617
623	676
651	824
723	899
647	904
645	964
667	824
658	766
651	709
581	643
491	682
492	614
462	609
433	623
413	607
349	521
297	497
304	490
309	474
312	517
365	472
380	494
410	589
455	602
494	659
615	717
587	783
682	778
602	772
610	804
583	792
525	719
505	708
490	694
440	612
455	537
433	520
327	565
324	536
344	470
327	457
298	436
293	450
315	447
339	400
319	373
308	431
386	426
405	483
396	519
423	496
487	542
587	577
511	593
567	602
659	556
673	568
663	537
629	522
554	527
497	452
449	394
443	366
357	343
313	326
350	315
330	266
305	271
298	244
283	309
283	344
318	369
326	423
341	437
342	522
402	505
373	603
379	571
340	542
368	538
376	551
401	593
376	535
357	419
361	422
337	440
353	429
356	438
343	417
355	413
301	412
302	405
298	405
300	475
322	564
309	610
345	663
439	737
433	710
489	720
495	673
498	548
510	642
538	648
543	642
523	635
507	645
469	629
450	676
420	668
450	618
431	637
409	597
461	563
461	575
476	604
493	635
523	668
570	746
596	788
623	884
706	900
744	905
667	1015
692	1004
808	959
854	946
763	905
791	926
741	949
714	966
624	928
608	833
596	829
625	806
569	740
533	677
527	660
491	623
533	622
540	606
541	658
551	751
618	811
694	852
794	909
834	909
873	918
836	918
884	905
877	946
871	893
891	877
889	819
916	774
841	721
808	689
731	716
720	691
704	728
712	634
695	603
618	575
634	585
671	592
632	655
715	750
719	834
773	884
733	928
784	980
881	1064
810	1049
791	1057
765	1005
803	1001
818	1010
720	967
674	978
669	894
675	833
627	809
612	791
623	715
605	638
564	602
540	589
559	587
546	623
578	659
523	705
569	746
638	849
781	895
808	1017
797	1116
817	1090
807	1059
814	959
774	963
823	915
784	982
699	858
612	746
634	803
618	779
582	742
493	710
418	697
394	743
404	716
448	715
458	708
440	697
505	724
503	767
492	844
596	1011
632	1084
589	1198
588	1145
641	1125
626	1119
692	1086
659	1087
538	1075
563	1014
530	911
501	877
502	869
509	868
483	795
473	714
471	649
477	581
512	549
561	540
645	483
641	530
759	551
813	584
857	632
988	665
1105	682
1145	650
1257	669
1337	672
1248	623
1158	681
1124	586
1065	554
1044	498
1123	429
1050	395
956	411
869	442
801	459
807	449
812	408
803	405
817	388
820	348
822	414
882	445
908	509
936	515
969	609
994	616
921	613
852	607
819	592
763	535
747	486
662	519
634	522
639	530
674	551
649	542
621	494
597	491
565	471
515	481
529	439
550	509
629	491
678	523
644	522
726	521
762	574
807	628
853	626
859	661
807	662
822	667
825	631
755	645
735	619
646	591
684	541
680	504
610	470
591	416
549	399
553	421
506	423
485	381
473	403
458	380
484	402
488	402
502	397
503	406
563	405
611	444
571	467
546	480
501	460
596	466
558	442
551	420
551	430
556	381
556	358
457	349
461	341
465	324
411	330
364	312
348	318
365	278
341	265
364	292
372	306
413	282
417	310
406	387
443	402
445	328
472	386
505	509
468	464
481	454
544	442
534	382
579	458
583	447
542	403
454	369
474	352
492	318
431	294
424	249
413	248
408	200
365	206
380	197
400	159
400	151
395	182
414	166
444	161
532	140
617	162
658	225
612	272
644	217
747	199
728	214
686	208
607	199
559	206
525	205
472	207
476	193
466	205
368	231
325	216
328	225
313	226
339	239
407	234
457	264
531	251
571	278
662	309
701	353
799	397
845	354
833	308
883	316
894	278
817	242
880	263
867	213
781	182
802	164
808	142
831	131
769	126
760	108
685	77
734	89
664	101
682	94
722	79
772	79
841	58
885	81
940	134
944	141
965	165
917	218
867	247
865	235
908	261
887	278
915	280
849	306
825	334
825	354
788	355
764	359
743	390
685	358
681	384
658	365
659	312
671	314
632	318
605	364
587	388
605	387
632	469
678	516
663	609
691	658
698	552
680	560
639	587
606	517
599	576
582	513
543	415
499	366
485	363
442	351
459	344
433	343
353	354
364	297
418	255
419	228
417	249
392	231
351	257
363	276
333	306
373	280
361	302
358	346
346	346
312	266
376	293
369	352
415	328
458	348
398	328
400	322
400	284
454	234
469	237
487	228
435	179
410	173
411	159
423	164
454	150
473	175
458	201
435	267
512	326
511	347
631	476
691	483
628	518
596	485
723	466
651	413
646	384
656	353
642	347
556	363
568	314
552	324
540	343
558	392
515	438
531	418
591	401
644	414
640	455
639	453
674	417
735	385
832	429
889	397
971	452
979	521
1013	513
1045	473
1115	446
1148	367
1173	351
1150	326
1175	294
1045	269
991	236
914	218
895	209
803	200
748	193
693	210
682	150
651	182
598	206
626	221
661	251
660	261
726	271
789	318
909	331
1099	361
1101	400
1119	347
1097	389
995	437
962	447
860	441
802	433
775	373
782	376
790	397
744	400
709	377
686	369
670	318
647	306
589	293
576	304
628	336
625	374
621	354
701	371
822	482
820	537
854	542
833	551
861	548
828	590
829	622
883	642
899	648
866	676
810	622
778	667
763	616
684	601
630	545
574	558
552	519
502	499
448	534
432	510
478	552
527	598
550	604
601	603
664	715
725	785
726	861
708	906
657	966
632	1014
675	939
738	907
692	819
666	721
620	703
566	703
512	609
478	604
480	544
491	546
453	585
448	568
455	601
454	638
457	633
487	666
486	668
448	709
501	735
489	838
501	895
500	938
473	1017
488	948
526	915
562	850
553	798
498	707
530	734
461	700
392	631
344	586
341	605
305	642
291	551
314	576
294	649
292	700
281	729
306	768
297	750
333	858
362	903
394	1034
439	1043
444	1111
372	1166
378	1170
417	1173
368	1245
394	1048
435	969
411	885
367	866
343	842
300	801
302	721
240	764
220	757
227	672
225	711
211	764
175	781
177	815
245	859
316	909
352	1016
447	1081
504	1148
515	1102
577	1093
578	1156
524	1026
493	1074
448	1095
366	1060
382	954
367	906
386	891
392	881
375	805
357	845
395	870
356	865
351	924
406	925
393	951
423	953
452	1026
456	1138
468	1249
568	1448
595	1535
578	1495
536	1493
602	1371
496	1389
506	1326
459	1368
353	1279
287	1151
317	1072
313	1023
308	1009
299	954
287	932
245	893
262	868
240	860
274	861
312	896
330	859
367	845
404	889
417	925
426	989
526	1097
482	1019
469	1133
460	1189
439	1017
380	1031
408	1015
446	855
444	816
363	779
368	767
391	752
350	724
330	699
341	668
329	635
372	641
441	629
480	672
510	724
543	821
578	939
624	949
651	991
628	1048
632	974
651	939
676	989
668	937
711	849
713	885
638	810
588	791
572	748
529	696
528	649
496	624
438	552
453	590
422	525
385	533
414	532
378	518
342	523
360	565
399	607
438	657
478	745
474	764
489	804
482	769
474	728
471	663
468	659
464	599
377	571
377	577
414	502
373	476
348	456
366	421
318	385
299	369
265	386
244	372
253	368
261	341
241	351
248	366
282	316
305	315
347	328
386	377
421	389
431	393
511	393
523	349
526	300
524	297
536	298
541	354
527	318
476	333
419	367
411	382
403	328
374	349
397	303
412	310
411	286
419	294
476	265
532	228
498	270
539	351
602	427
619	468
554	413
532	460
533	533
526	492
495	491
389	531
348	498
302	403
275	339
282	351
251	333
226	325
217	296
226	286
232	286
266	278
273	323
295	345
331	402
393	423
426	426
476	437
533	473
662	541
648	502
722	526
790	632
856	661
858	691
882	738
879	753
833	722
826	700
817	642
727	604
668	583
667	520
680	459
613	445
619	443
645	463
692	489
693	482
729	550
851	590
884	715
983	764
1038	714
1047	702
1096	718
1121	635
1072	595
1103	565
1084	564
1045	487
1100	475
1149	418
1082	374
1001	331
992	308
885	262
842	272
843	271
901	308
917	312
896	345
950	333
1000	394
1098	447
1141	435
1244	446
1364	542
1340	492
1326	471
1279	387
1331	334
1408	333
1350	251
1299	266
1158	247
1161	226
1200	251
1145	181
1060	182
1032	128
951	151
862	162
901	135
922	157
1006	155
1033	173
1126	175
1148	230
1231	291
1358	257
1489	253
1475	324
1412	364
1478	386
1432	370
1329	394
1284	390
1198	407
1153	424
1129	439
1039	374
913	350
837	345
800	296
756	294
716	293
713	302
730	351
732	372
795	371
806	368
864	419
903	409
968	480
995	568
1111	546
1046	547
1050	536
990	554
915	539
888	483
803	484
755	495
782	470
682	461
598	427
592	385
597	372
585	380
551	355
493	338
500	365
436	385
467	434
527	454
599	495
676	531
765	544
851	538
894	561
879	552
842	506
849	523
790	473
753	446
705	435
633	481
581	460
569	460
505	465
440	430
382	464
380	439
392	416
359	453
353	412
398	387
382	458
402	506
371	556
369	629
421	634
450	715
474	682
520	696
476	700
428	732
473	667
440	632
442	588
458	604
421	508
384	431
374	449
291	406
255	393
248	430
254	474
247	455
251	460
244	502
239	555
265	584
307	637
345	647
379	658
425	655
384	737
377	812
381	833
377	763
358	786
345	781
367	798
337	807
287	766
276	680
280	570
268	549
245	536
285	523
277	457
250	470
222	518
258	500
279	529
300	533
309	578
312	740
396	770
416	819
420	837
403	810
373	819
363	703
373	669
317	694
312	644
328	607
348	694
323	622
306	611
286	571
298	557
314	588
337	548
295	555
283	593
310	619
338	624
335	699
300	756
352	818
397	910
511	982
504	1006
447	987
547	955
520	870
551	883
515	844
542	911
544	813
571	772
513	764
556	756
575	696
539	699
542	688
505	579
517	629
485	597
512	650
499	657
531	671
517	774
483	761
534	859
594	796
570	740
616	661
649	635
621	682
583	658
600	600
528	580
512	542
491	532
470	478
513	456
552	444
485	389
454	315
473	377
521	347
511	323
552	332
602	364
601	346
664	365
699	412
815	405
848	394
803	426
787	433
780	417
698	437
709	443
705	423
628	423
572	393
545	419
535	385
460	361
486	365
460	362
405	358
353	345
371	361
425	341
438	335
479	320
555	342
600	322
715	359
705	412
752	437
762	434
800	351
822	267
790	291
750	323
674	352
675	330
583	317
607	280
575	254
567	220
527	203
479	176
493	176
458	167
456	164
449	130
503	129
604	126
650	135
726	146
739	169
773	202
795	206
774	183
830	203
800	185
616	203
613	207
626	227
561	261
533	255
511	216
555	189
457	193
450	200
424	167
413	177
373	187
392	191
354	180
389	212
323	249
352	231
365	191
402	187
485	193
468	194
478	198
559	165
538	177
565	208
521	216
512	220
532	220
450	225
471	217
443	209
400	205
408	184
368	148
357	157
351	166
381	166
383	166
352	180
365	212
415	232
464	271
471	320
427	316
458	367
492	422
536	411
524	396
537	451
553	418
584	430
538	450
536	416
502	383
496	342
480	328
465	334
405	328
425	311
411	280
436	270
472	311
474	353
496	355
539	404
561	394
527	403
580	489
552	546
583	514
611	435
605	361
661	403
713	426
665	470
559	432
539	421
446	405
423	407
413	336
439	383
349	389
276	366
262	399
280	404
289	486
287	525
343	559
322	532
367	555
459	634
491	692
553	694
545	738
568	818
511	830
562	767
610	750
597	677
661	713
649	697
659	640
605	599
577	590
556	521
554	486
590	486
545	489
577	442
555	432
609	472
658	496
728	553
756	551
779	661
840	784
902	769
824	711
929	750
890	815
834	853
838	829
826	775
748	649
730	592
694	576
689	571
682	597
622	570
605	597
610	587
551	538
576	515
582	530
590	539
642	526
681	536
771	556
895	610
987	702
1162	807
1182	730
1244	729
1266	847
1311	774
1281	680
1254	642
1225	593
1162	492
1110	469
1049	469
970	494
878	470
864	446
853	423
830	378
849	366
788	385
827	417
853	351
923	399
1055	498
1180	532
1267	585
1403	619
1475	634
1505	622
1476	566
1498	616
1394	548
1364	566
1245	493
1146	504
1009	508
939	492
853	449
843	428
789	369
736	385
674	331
672	329
685	337
659	340
694	351
722	353
829	396
910	358
949	438
1021	438
941	404
875	488
825	549
818	512
845	462
786	433
732	451
805	400
766	444
777	463
817	494
795	466
788	393
820	421
770	381
734	418
696	438
742	473
771	496
747	568
759	626
847	657
903	685
912	715
821	761
882	822
950	795
976	798
950	857
963	796
939	759
938	721
942	608
928	608
859	595
740	593
658	577
617	484
620	530
593	524
613	504
655	508
681	552
712	522
821	536
884	658
923	720
966	816
943	835
857	753
873	772
758	727
749	669
712	657
673	673
545	677
548	608
566	555
526	465
468	413
424	395
434	395
451	388
463	344
445	375
511	441
464	418
480	455
550	460
551	481
590	513
638	588
611	561
606	501
585	484
482	484
469	450
462	453
395	428
395	454
397	433
343	447
268	443
276	424
217	398
209	380
209	353
196	340
197	329
190	309
212	376
227	395
221	496
234	597
223	604
286	587
313	486
263	434
310	546
300	549
305	579
290	542
261	479
322	493
324	516
319	486
322	454
341	482
370	446
323	392
323	408
316	408
361	404
386	384
389	379
414	370
477	388
553	430
571	463
612	515
640	498
654	477
615	539
631	551
610	531
579	493
519	502
498	468
513	492
500	440
443	377
421	384
350	335
334	374
340	393
370	424
358	405
377	380
430	392
513	352
620	411
663	349
758	417
795	431
767	402
767	354
708	387
640	393
647	366
659	416
623	399
624	440
641	449
613	411
598	406
562	394
535	436
501	384
495	378
471	376
492	373
507	401
527	440
551	471
543	479
546	525
565	515
597	487
573	509
554	457
521	533
429	501
497	497
478	446
461	427
413	391
360	391
362	363
359	357
361	394
342	409
342	367
348	357
353	335
380	308
433	376
468	381
491	386
588	371
595	447
695	452
611	451
616	386
645	393
700	399
694	429
720	489
691	443
700	419
645	433
648	397
591	431
610	410
508	402
457	397
475	384
505	354
517	351
512	391
499	388
502	364
521	409
607	407
706	400
818	431
934	441
986	431
1061	448
1045	514
1017	493
993	552
980	542
909	548
878	476
855	492
914	460
841	361
820	387
746	420
748	413
745	424
714	401
724	407
757	385
844	459
872	470
936	524
968	557
1060	602
1120	641
1167	680
1275	632
1274	616
1271	610
1262	577
1218	562
1170	556
1060	546
1069	544
934	468
965	444
938	405
926	340
935	315
871	372
840	391
824	398
860	465
899	457
958	479
1049	518
1207	554
1318	577
1480	560
1508	556
1482	489
1501	534
1396	499
1281	472
1195	442
1113	428
1102	371
977	337
897	363
900	375
789	431
718	407
677	439
640	397
658	448
659	473
711	488
754	493
799	499
927	524
980	585
1073	745
1123	711
1100	708
1066	726
1085	745
1026	734
1011	688
972	702
860	743
797	659
737	684
705	636
653	623
665	547
598	533
584	555
581	487
566	527
606	522
623	536
715	591
780	653
937	746
1019	848
1056	838
1085	816
1113	808
1120	827
1128	765
1119	732
1066	783
1008	692
944	582
855	676
805	679
771	638
760	592
733	545
737	534
699	510
698	503
750	515
690	566
689	541
719	577
736	631
797	761
842	808
953	900
994	1059
971	1094
935	1069
988	1128
936	1102
910	1050
819	1020
880	903
905	809
842	751
741	720
670	708
650	615
633	594
592	571
560	550
528	548
524	560
488	587
536	571
569	575
620	740
655	737
709	828
763	807
800	815
783	788
791	757
727	792
720	857
706	791
691	808
692	811
694	775
676	756
645	692
623	636
643	620
629	587
616	566
582	513
566	496
588	505
646	543
696	608
795	643
864	703
912	728
990	762
967	751
965	838
1019	807
975	750
924	802
952	749
1069	661
938	610
901	575
835	533
834	504
823	471
876	413
803	400
809	424
796	438
866	444
946	362
957	356
992	404
1085	466
1228	523
1397	533
1494	613
1352	577
1452	567
1439	616
1407	516
1390	440
1344	448
1251	430
1191	381
1102	367
1072	341
1048	396
983	390
969	360
916	346
828	319
805	348
793	384
832	500
856	538
906	560
1002	547
1114	595
1186	688
1256	682
1256	616
1221	669
1208	690
1061	698
1055	737
966	739
974	714
937	662
892	653
838	621
763	465
693	496
678	476
632	476
626	464
658	443
602	438
568	463
588	489
693	471
725	517
788	554
746	625
805	743
723	765
694	823
705	873
689	772
735	743
735	713
726	646
717	578
661	626
639	569
650	541
595	489
595	457
606	468
586	482
614	425
665	462
689	511
755	533
795	528
909	530
1027	556
1168	634
1251	691
1273	710
1221	770
1123	687
1160	642
1148	640
1072	620
981	574
955	579
941	518
926	498
870	470
771	435
754	408
751	428
741	422
741	430
778	406
800	436
859	439
941	407
1049	482
1028	566
1129	628
1224	669
1210	707
1191	708
1163	735
1210	623
1199	625
1097	604
1060	573
998	577
1082	564
1018	468
988	493
945	467
905	462
903	446
845	403
781	379
814	393
838	400
847	471
912	477
909	534
1065	628
1238	733
1282	863
1334	796
1267	841
1314	847
1231	818
1216	912
1171	826
1123	778
1159	691
1136	666
1089	663
1072	625
1012	641
978	634
934	620
926	558
926	547
904	571
903	588
909	676
964	683
1019	767
1143	927
1240	1020
1370	1000
1389	1013
1460	1056
1513	1089
1464	1039
1497	995
1476	945
1442	1018
1376	1006
1336	933
1230	896
1153	893
1053	934
1025	949
970	960
950	903
910	894
878	918
937	967
954	1019
1044	1147
1160	1281
1277	1382
1395	1441
1544	1560
1512	1471
1437	1440
1426	1446
1354	1437
1288	1447
1356	1378
1262	1284
1242	1142
1175	1174
1100	1173
993	1114
992	1099
958	1031
947	963
888	919
825	972
826	1061
822	1149
940	1128
956	1128
1138	1168
1213	1201
1339	1266
1377	1347
1255	1242
1306	1354
1292	1364
1182	1327
1169	1213
1184	1094
1126	1050
1118	967
1054	895
1015	891
961	865
932	811
893	797
833	765
873	725
847	714
867	717
858	791
957	799
1001	839
992	914
1066	928
1094	973
1133	1013
1124	1054
1110	1054
1184	1069
1146	1047
1064	959
1048	883
970	852
1000	877
949	894
899	788
951	771
918	737
903	713
897	755
812	721
818	783
805	731
815	762
864	774
895	807
972	865
1047	923
1099	1087
1189	1172
1250	1165
1333	1139
1369	1019
1337	971
1254	968
1266	954
1207	946
1243	847
1202	742
1169	734
1114	732
1083	658
1032	653
1010	653
979	658
928	678
919	744
879	818
890	791
966	873
1051	990
1125	1074
1133	1211
1239	1291
1262	1326
1155	1292
1227	1266
1203	1211
1179	1218
1159	1233
1116	1114
1088	1075
1042	983
1009	912
988	850
1007	763
1004	770
997	806
976	791
985	850
966	900
1016	897
1064	946
1110	1030
1145	1063
1233	1122
1466	1283
1601	1361
1621	1377
1682	1320
1658	1325
1606	1212
1621	1159
1500	1160
1456	1114
1386	1044
1289	1035
1235	944
1165	900
1136	839
1119	861
1086	865
1071	854
1080	884
1157	864
1224	896
1231	903
1273	944
1391	1032
1500	1059
1668	1062
1769	1056
1799	1066
1790	1090
1806	1039
1775	1039
1713	990
1648	1019
1526	1025
1434	996
1401	917
1282	875
1231	869
1196	784
1127	765
1101	693
1065	672
1081	658
1081	680
1115	736
1156	761
1195	826
1305	938
1433	974
1500	1097
1502	1128
1420	985
1480	1024
1482	1042
1444	1047
1403	999
1330	946
1220	753
1154	682
1112	642
1069	519
1088	558
1063	474
1009	502
985	493
969	514
940	496
962	533
1008	571
1051	573
1073	601
1138	630
1253	632
1403	675
1567	705
1487	660
1529	652
1493	703
1498	613
1571	590
1523	537
1458	501
1334	497
1342	539
1238	474
1126	433
1063	371
943	354
892	326
883	286
859	280
887	294
911	276
926	307
962	332
1039	318
1216	352
1314	385
1358	419
1328	391
1346	414
1399	480
1363	418
1430	436
1345	349
1256	326
1114	296
1099	279
1017	284
1006	212
908	169
810	166
824	171
772	167
788	186
779	233
828	283
880	315
843	348
944	329
1064	345
1124	395
1249	407
1275	396
1215	319
1173	351
1087	426
1055	450
995	504
990	461
955	520
923	542
807	507
764	443
745	391
709	392
651	313
632	294
627	341
636	309
675	339
656	320
654	334
685	367
637	462
664	558
696	572
648	597
680	523
669	514
687	503
676	402
664	450
631	434
613	404
575	325
512	344
531	288
469	283
455	284
416	316
415	354
402	360
353	353
368	347
377	389
382	439
373	429
373	382
419	387
453	440
486	461
480	395
494	408
505	407
481	379
503	388
480	371
468	380
411	360
372	328
388	329
413	372
396	316
360	314
350	363
317	367
323	345
287	313
292	345
293	400
284	461
341	472
308	455
282	470
261	506
312	471
273	457
322	513
315	459
256	415
251	358
245	361
245	315
225	277
212	285
255	237
252	240
277	228
275	227
274	248
286	257
283	268
299	289
327	302
371	362
422	445
410	434
427	469
417	510
443	465
449	479
450	449
480	444
460	506
447	443
421	468
412	432
420	376
405	307
402	242
345	220
318	234
309	252
281	239
291	234
340	269
352	288
406	293
404	325
452	326
515	361
506	424
446	405
380	465
355	523
345	454
295	473
266	450
258	491
193	467
177	419
155	390
155	417
110	360
136	368
138	403
132	352
147	324
125	309
149	361
156	389
175	391
149	455
151	472
149	530
142	567
144	635
133	663
130	651
143	721
174	683
168	733
186	774
205	755
170	776
202	702
154	634
178	593
143	550
141	574
137	586
112	598
90	564
95	635
110	666
133	734
142	831
143	991
146	1074
161	1122
199	1219
223	1225
225	1167
233	1047
241	1087
221	1070
200	1013
189	1006
174	956
174	986
172	939
148	860
120	767
89	709
98	659
93	674
106	662
99	692
108	714
134	746
141	859
139	909
136	1030
163	1080
172	1086
209	1124
223	1088
241	949
279	884
247	842
246	736
172	685
220	610
212	561
229	532
198	514
188	455
169	447
167	447
153	480
155	494
210	437
224	467
233	482
307	486
306	488
312	544
353	553
315	540
387	551
434	602
375	622
341	599
354	548
358	538
374	512
429	488
372	438
376	450
395	441
341	433
317	442
286	438
312	367
343	371
361	384
338	415
387	445
421	553
464	642
455	769
519	844
470	712
453	691
543	699
489	666
484	603
534	553
508	508
420	458
325	479
352	439
360	436
404	425
359	429
369	422
334	387
339	398
361	430
364	425
381	466
424	499
378	584
370	716
424	680
445	723
390	784
455	782
493	769
432	781
483	698
462	710
425	608
393	571
451	516
445	476
485	487
380	443
418	433
421	433
379	423
421	377
404	377
424	339
398	366
409	394
436	413
441	446
503	484
547	468
632	497
692	549
764	549
712	513
677	495
654	422
626	467
641	463
622	441
584	443
549	393
492	392
507	368
476	324
450	326
395	312
393	334
404	324
317	337
275	305
297	363
327	422
326	525
361	616
377	543
406	533
400	524
404	511
477	485
454	401
380	373
363	375
369	318
324	233
317	216
324	233
276	201
252	182
212	199
207	164
249	134
272	154
309	157
298	145
380	163
437	133
460	129
544	176
475	188
388	223
452	218
416	194
411	230
367	215
377	310
343	321
360	332
323	391
324	366
399	349
440	319
383	327
374	287
391	285
377	307
421	376
501	467
509	509
575	558
551	582
550	583
431	573
432	531
486	563
446	520
419	478
363	501
277	586
336	488
328	457
312	438
317	433
294	425
295	421
256	381
215	374
255	385
255	333
287	357
294	330
313	408
389	421
415	438
440	473
486	527
515	543
459	494
466	483
446	561
434	569
408	502
415	470
379	505
434	409
452	346
436	358
498	366
521	404
525	357
460	319
420	292
360	267
449	271
448	307
503	278
562	384
617	449
705	471
777	596
874	641
891	656
799	642
754	716
660	696
610	672
652	695
648	648
646	641
627	636
564	628
551	600
574	591
542	598
532	588
493	467
515	405
503	412
513	488
484	467
536	526
590	591
725	694
786	741
802	736
840	726
897	729
886	794
823	787
855	687
882	619
844	570
786	575
798	563
767	532
762	503
731	444
681	376
683	354
677	350
668	340
683	308
689	302
766	268
791	273
842	278
929	290
917	290
971	334
894	342
862	372
872	426
807	454
863	461
852	403
852	436
770	443
795	426
824	409
834	389
794	397
749	392
695	411
646	386
608	403
665	377
656	386
632	445
626	469
715	507
863	519
969	577
1011	616
933	685
969	662
905	730
901	711
887	669
877	650
779	660
715	672
599	666
571	606
570	589
592	528
597	534
600	513
578	456
605	476
568	492
634	534
675	535
679	595
767	649
779	728
826	865
960	967
1008	903
1062	875
1159	860
1023	842
993	836
963	857
967	861
941	772
944	765
865	681
833	682
811	596
738	598
675	600
655	509
598	443
624	425
679	463
704	483
681	489
745	549
878	535
938	606
960	689
902	621
961	633
972	644
874	581
852	518
782	465
729	416
654	360
607	346
549	298
568	276
464	255
454	233
435	235
418	225
432	236
347	233
338	225
277	256
305	286
329	337
344	361
364	424
403	483
502	514
555	475
518	563
508	534
520	506
535	488
452	422
441	443
374	481
359	465
361	438
312	431
334	487
346	484
370	501
375	524
406	513
408	525
395	573
404	678
413	761
510	806
567	891
561	911
588	843
586	792
565	798
552	684
628	652
597	661
557	590
507	525
419	516
393	523
356	468
378	495
353	508
350	525
343	470
311	467
287	483
258	480
295	553
341	636
329	646
365	666
400	794
428	849
381	840
417	894
392	914
394	820
404	866
413	818
423	688
410	680
390	637
386	607
367	603
376	603
348	567
325	569
360	538
385	539
390	567
419	618
443	626
468	660
510	734
504	767
563	788
621	845
634	857
679	877
679	947
631	952
729	874
704	778
588	665
652	517
613	525
605	535
574	533
532	514
513	451
447	395
472	379
451	431
479	387
443	395
421	348
461	433
482	490
547	581
653	624
682	612
626	600
574	655
645	643
575	564
631	503
593	526
539	508
501	533
487	566
438	617
447	617
467	546
436	551
444	531
407	492
430	494
464	492
466	490
501	536
539	590
589	671
588	663
570	740
558	830
549	792
557	718
504	646
519	616
489	600
438	517
455	553
423	581
434	538
448	481
451	449
461	381
444	398
391	412
330	395
295	350
358	331
372	315
389	374
417	414
495	483
542	559
522	576
500	671
511	613
515	619
445	613
394	551
422	589
390	574
371	599
337	577
347	519
329	470
299	419
320	407
306	437
319	416
341	423
368	448
396	495
371	440
350	488
329	532
402	513
442	591
511	630
543	640
603	688
658	718
661	796
608	742
575	662
581	708
597	687
627	591
572	548
548	538
583	508
532	467
505	427
483	432
463	423
433	496
419	498
454	548
488	565
517	635
554	732
593	831
603	800
643	744
606	794
619	765
663	739
641	785
703	780
678	691
603	640
569	617
605	605
596	598
590	586
560	577
528	584
465	556
455	546
432	572
396	573
413	531
432	559
431	564
494	577
577	645
598	611
675	679
645	757
494	773
469	748
490	715
501	782
482	667
473	613
432	602
391	580
318	543
334	516
336	488
317	456
359	441
314	424
279	430
290	465
353	472
403	523
542	606
584	676
678	755
694	818
707	895
654	852
689	877
715	929
681	853
692	872
753	767
743	639
763	634
705	550
646	524
657	490
602	411
607	340
593	361
563	391
535	417
486	441
520	467
497	426
430	485
508	443
548	487
556	539
625	517
607	543
577	510
576	547
479	578
385	593
330	626
294	601
268	532
247	576
260	537
230	545
183	500
174	467
163	479
161	419
136	404
173	405
195	449
172	424
195	490
240	557
240	620
225	698
299	739
323	766
374	805
382	845
383	772
392	796
401	776
418	699
427	643
416	643
384	620
394	646
420	580
469	578
454	618
426	593
451	587
451	590
500	609
557	622
557	626
588	717
703	797
801	910
846	957
837	991
838	1028
898	1018
812	1014
789	955
730	842
598	796
510	792
487	698
504	627
486	600
440	569
467	552
463	539
510	481
523	497
523	486
531	497
529	545
575	568
562	644
677	680
737	759
812	819
812	864
847	826
840	848
818	864
860	873
814	801
752	781
695	751
669	714
649	763
601	708
534	711
556	665
554	648
524	637
564	578
507	556
504	551
511	541
555	616
598	617
675	689
706	755
724	786
686	813
693	777
728	821
654	694
692	634
661	730
664	660
546	619
532	540
473	483
387	436
347	380
319	369
318	339
331	325
344	328
324	352
344	413
381	388
387	439
424	505
475	587
501	669
500	723
499	752
572	704
537	720
550	664
537	622
519	604
486	578
471	475
444	428
440	418
463	435
446	441
419	458
465	421
419	395
417	352
410	367
432	447
505	530
515	518
568	593
613	632
704	753
765	799
695	735
752	701
808	710
757	640
795	576
863	574
848	549
856	523
806	518
761	503
711	461
682	479
694	400
645	377
655	337
700	353
643	356
689	405
717	430
742	488
791	616
885	676
935	735
894	769
848	743
831	747
805	835
780	823
786	864
687	819
697	840
642	804
566	808
524	810
492	782
483	742
456	734
482	709
478	678
506	653
546	638
527	662
555	690
655	664
662	806
743	840
830	939
901	964
859	913
964	909
952	979
870	964
880	1031
875	1014
898	907
919	875
866	808
802	739
720	747
718	651
671	691
636	709
616	682
596	669
611	651
699	650
705	667
756	696
837	786
957	875
1099	849
1278	883
1328	849
1318	874
1279	895
1254	889
1225	877
1200	879
1080	810
1009	763
948	706
839	696
787	681
735	694
690	716
705	689
709	745
755	756
771	754
801	746
821	793
860	851
968	924
1065	958
1115	1070
1119	1182
1070	1139
1044	1185
1026	1188
1024	1196
1004	1129
939	1029
803	990
827	853
773	832
724	782
687	721
673	691
708	686
678	625
647	590
627	571
618	534
636	567
709	607
755	685
765	723
764	794
823	806
844	843
845	817
902	834
884	894
873	866
868	902
869	872
835	801
763	771
735	716
727	653
692	622
682	608
670	567
656	550
607	575
589	568
619	534
661	583
729	576
796	650
858	721
913	785
1056	824
1087	879
1101	894
1077	844
946	844
806	870
794	857
836	856
796	811
760	808
684	815
610	782
568	792
560	761
497	711
506	675
478	657
503	643
504	659
558	705
565	710
637	732
699	809
839	921
842	1021
838	1052
826	1016
890	1076
894	1050
807	980
755	919
762	964
689	951
647	927
644	838
575	821
495	782
505	738
446	656
412	642
446	582
393	573
439	566
412	624
394	701
408	735
478	793
494	788
532	898
724	909
755	874
836	943
828	969
791	904
728	829
725	783
675	733
615	600
605	627
618	623
551	635
551	537
516	565
483	555
493	509
495	506
531	511
587	548
601	571
586	535
582	650
636	695
697	749
722	648
685	664
652	695
608	752
607	660
625	664
631	614
610	618
635	620
635	545
570	536
567	505
562	493
497	464
452	416
458	414
437	379
440	338
440	324
442	316
519	411
616	415
663	415
704	520
632	502
662	458
758	492
767	508
836	524
820	484
722	525
712	501
689	412
729	410
682	407
659	373
616	342
564	298
558	229
523	212
510	224
506	257
566	270
636	296
632	338
701	420
786	397
824	424
813	419
884	331
865	320
889	327
923	340
902	266
872	253
841	270
791	240
843	246
678	192
651	157
640	118
530	147
439	164
415	151
433	104
384	107
426	118
490	101
501	139
605	157
662	139
668	138
668	171
615	176
605	161
552	163
530	143
533	147
539	162
527	170
545	158
492	151
447	101
431	101
407	118
397	90
372	115
309	138
315	147
334	184
360	197
429	204
473	248
496	306
562	321
566	309
590	384
546	390
591	406
642	401
659	453
661	442
691	493
659	388
665	330
659	333
606	287
582	265
590	277
559	285
500	272
519	265
488	198
492	197
490	194
535	231
570	223
698	249
609	243
690	265
806	272
734	273
690	306
740	312
621	335
676	316
624	327
601	309
567	287
540	294
501	280
496	235
525	232
507	255
491	214
480	185
463	168
476	184
474	205
514	256
556	294
533	344
574	363
672	422
710	410
692	437
724	483
708	516
730	545
671	516
631	512
583	452
515	378
497	325
488	348
526	332
534	350
517	346
478	287
430	288
429	270
388	289
411	327
406	321
424	336
437	362
488	419
468	417
562	476
522	490
595	440
641	378
648	402
571	443
551	382
540	370
465	354
496	393
432	343
446	303
449	243
446	229
376	242
350	247
375	267
398	247
452	232
565	254
546	268
623	312
736	293
814	349
803	362
829	327
787	278
744	254
677	234
661	229
585	218
481	225
461	192
415	171
392	163
398	174
397	141
361	160
364	147
327	138
291	141
317	145
359	150
345	186
335	193
334	225
344	231
404	252
444	266
494	282
497	330
445	310
429	301
442	252
449	230
451	213
475	238
468	269
457	244
437	253
461	197
466	167
459	143
400	142
383	185
418	195
379	186
371	145
419	144
498	148
522	175
486	152
508	155
408	152
455	197
514	204
525	185
509	230
507	242
516	232
497	195
512	155
491	172
447	159
459	144
433	166
453	166
445	140
393	155
364	161
369	162
409	214
471	255
510	273
580	285
508	309
518	385
424	429
359	461
386	522
407	507
380	472
340	404
309	420
282	371
241	325
195	298
180	241
210	244
217	261
247	237
267	196
247	190
251	224
304	210
300	237
275	260
328	243
352	269
460	314
482	353
433	287
387	241
431	247
407	224
435	286
395	268
312	296
255	291
257	298
233	298
204	256
169	228
170	206
184	180
167	157
178	120
196	124
189	147
177	121
202	134
212	143
241	129
207	121
218	141
216	147
261	166
314	210
284	211
287	261
251	238
214	242
215	229
200	208
211	181
245	195
195	231
237	233
228	268
214	252
230	262
253	262
295	273
259	264
319	322
343	303
369	368
380	447
465	407
406	411
398	410
340	404
343	383
359	373
379	328
399	248
417	244
387	264
341	296
319	281
324	265
346	261
349	222
312	214
370	215
367	215
385	251
457	285
494	276
532	362
591	396
769	431
869	437
847	382
804	391
869	352
845	312
779	339
703	319
618	315
633	335
660	314
650	301
646	318
596	312
542	278
510	305
493	339
474	357
468	366
492	358
504	369
550	385
591	447
631	467
677	524
765	530
807	542
882	490
902	497
826	422
743	482
731	518
673	552
629	515
606	504
531	485
484	505
455	475
451	461
438	426
390	423
428	476
458	438
497	498
525	492
588	534
664	584
742	606
788	616
881	689
882	677
844	714
877	692
832	648
845	637
739	654
723	561
690	557
683	591
724	499
710	453
689	412
596	347
518	351
497	323
518	335
530	334
587	373
593	395
653	449
769	502
874	536
894	534
949	545
852	552
917	550
875	544
841	566
830	556
840	476
805	464
744	368
711	362
723	404
688	349
651	369
619	364
577	326
550	293
557	291
648	338
686	326
713	319
754	298
870	330
879	360
918	394
934	405
915	407
923	438
914	542
873	457
813	419
770	393
687	385
635	357
575	357
563	368
596	434
520	477
508	468
512	467
496	428
504	391
479	398
543	428
600	444
593	469
679	513
763	628
845	622
948	618
951	667
920	655
886	644
744	601
762	568
675	565
601	576
604	500
623	466
582	439
553	425
554	415
536	382
525	433
536	400
515	394
510	404
564	390
555	466
579	492
641	483
724	503
825	599
822	523
877	489
858	497
943	478
836	435
760	401
728	387
747	359
638	328
593	352
527	368
490	362
497	340
492	320
465	297
455	298
414	291
456	261
555	276
543	281
523	291
556	311
609	370
666	394
677	458
580	486
602	499
627	532
551	544
525	461
481	452
459	412
437	389
425	345
453	299
375	292
408	250
430	234
440	218
502	202
507	186
512	207
561	210
617	254
672	262
671	270
764	344
854	387
855	437
903	366
862	412
840	418
843	394
883	376
884	376
850	423
866	399
859	404
797	482
747	411
764	396
676	357
697	336
670	318
709	332
718	353
742	370
804	362
927	385
958	415
1058	462
1173	528
1385	600
1401	580
1447	531
1399	493
1322	485
1246	531
1206	576
1155	521
1053	483
939	404
867	439
816	447
809	447
804	384
768	360
731	354
722	311
708	323
755	351
808	404
890	378
963	380
1060	416
1174	536
1232	586
1111	659
1028	697
952	706
930	623
966	536
884	564
811	542
759	507
677	438
669	359
663	364
679	335
646	274
605	315
549	281
552	252
535	248
600	217
623	237
695	246
727	278
730	306
845	369
953	356
1002	383
922	414
905	438
846	423
904	416
794	409
701	393
670	366
669	339
595	294
492	305
431	280
412	255
386	229
372	228
335	188
310	199
331	181
365	187
423	184
399	185
397	218
430	267
438	268
472	320
443	375
490	409
535	386
516	382
511	345
499	336
452	320
348	274
272	273
197	208
191	180
189	195
178	208
203	231
213	220
205	217
242	268
237	278
229	351
262	448
298	435
280	420
298	486
325	523
294	568
307	543
270	499
278	422
302	464
284	395
223	367
214	345
234	277
228	244
232	201
206	146
225	144
235	120
250	136
286	137
319	126
358	130
433	130
499	155
503	197
484	191
439	154
445	157
439	121
423	136
429	182
431	172
393	234
356	259
398	241
414	270
410	283
382	277
336	258
290	272
280	249
260	240
233	272
255	282
224	260
239	239
259	260
215	265
171	304
170	336
205	306
225	356
233	365
293	356
300	318
345	317
362	249
308	257
281	229
249	231
243	238
240	246
184	233
165	231
151	226
170	185
211	166
222	189
253	231
267	238
295	255
364	253
356	294
367	286
307	342
332	284
324	243
338	248
346	236
326	220
357	249
399	224
351	221
320	234
308	238
283	237
251	217
258	227
291	254
276	244
290	248
238	278
271	365
299	392
365	391
421	389
476	422
501	465
625	466
604	469
567	432
613	440
622	461
590	475
614	433
596	428
490	451
514	453
453	436
489	450
406	439
424	415
424	371
445	368
430	340
424	315
458	342
480	343
519	362
628	479
715	547
810	552
889	524
819	437
848	414
937	427
869	484
792	479
673	468
652	487
608	424
567	417
633	407
609	407
612	413
580	374
493	368
459	315
452	330
498	310
573	287
590	308
679	319
729	372
800	386
909	422
943	545
899	537
902	576
1060	585
1088	614
997	596
989	532
957	522
909	543
840	527
750	522
687	450
647	439
626	370
641	375
637	394
633	391
679	424
705	484
799	531
896	550
1014	579
1163	645
1214	617
1246	737
1155	750
1122	786
1048	749
920	793
941	638
966	591
888	546
901	509
822	481
831	464
713	472
640	488
645	483
568	470
539	463
533	454
464	422
445	465
476	507
510	567
581	629
679	703
725	744
778	773
796	827
870	867
880	915
788	980
740	933
708	907
646	951
598	965
609	889
539	826
489	744
449	708
429	637
424	669
417	654
433	641
443	686
430	651
458	684
548	733
520	740
619	856
692	879
666	898
705	934
802	914
908	930
883	926
798	914
786	914
696	873
714	815
655	757
588	720
547	643
525	650
562	620
562	604
531	601
530	595
464	580
465	574
467	592
496	697
566	756
520	835
620	975
644	1012
613	956
580	940
533	871
561	867
576	876
584	865
485	820
456	734
453	739
419	636
423	590
394	582
375	495
372	489
407	459
435	414
469	388
475	391
570	403
623	372
753	392
749	468
691	533
691	568
636	424
646	366
700	381
700	385
727	386
742	361
723	381
715	401
727	419
610	413
594	453
540	406
518	436
544	402
502	381
491	398
511	368
511	462
544	481
546	502
551	522
579	606
628	635
692	636
745	716
774	703
814	773
757	732
674	735
667	762
632	695
577	626
556	521
579	509
506	489
477	480
446	544
402	595
386	544
391	538
415	539
464	549
516	546
538	597
551	673
631	765
620	788
698	929
684	973
704	1034
661	1074
635	983
587	911
556	867
567	830
512	812
529	725
486	771
491	788
473	753
455	724
455	761
450	754
471	783
448	847
475	824
516	841
601	815
706	889
794	993
853	1057
896	1083
858	1104
853	1029
824	1007
823	973
787	898
801	881
658	839
652	841
616	778
559	709
512	696
511	692
454	644
430	618
377	609
366	590
363	548
385	552
375	579
428	625
442	659
526	656
608	715
617	821
568	803
603	794
703	811
729	823
686	835
682	817
611	761
511	755
550	738
532	770
479	761
431	763
423	667
421	600
385	645
398	689
421	678
409	698
425	753
442	824
457	957
459	993
471	1113
487	1148
466	1153
440	1125
471	1125
576	1066
554	1096
529	1124
493	1032
410	971
409	967
457	952
522	889
510	836
509	734
520	711
455	701
470	614
529	660
578	620
586	660
648	720
721	813
757	836
769	888
888	930
923	878
860	873
904	847
843	829
821	799
824	784
838	690
741	696
671	725
635	650
637	624
564	653
569	574
556	550
531	508
483	558
512	585
568	578
597	558
604	663
674	616
696	659
778	677
906	712
890	633
873	630
870	635
714	605
722	588
712	511
637	453
605	456
515	395
537	406
573	422
596	391
575	386
553	375
552	363
571	375
563	381
586	408
591	483
630	500
644	550
736	603
801	688
862	747
838	736
815	789
902	807
791	745
726	664
716	676
682	592
601	641
600	680
609	652
621	597
603	535
636	495
628	498
678	433
632	447
640	451
696	466
819	513
804	548
878	607
940	561
989	650
1065	764
1104	802
1124	781
1099	770
1031	751
1056	742
904	697
912	633
865	659
881	641
858	605
875	592
833	566
764	551
704	546
738	527
682	566
713	604
720	602
755	653
802	757
888	800
867	834
971	867
1160	903
1211	957
1170	856
1241	795
1206	750
1190	667
1099	608
1027	630
1036	646
982	615
929	599
872	522
803	496
810	496
723	493
669	483
703	480
742	514
747	504
734	523
773	585
845	641
988	731
1085	793
1182	953
1131	911
1114	954
1159	990
1223	983
1188	981
1121	892
1077	787
1032	659
1012	600
924	559
1010	575
955	551
914	560
894	526
869	551
848	508
848	559
869	554
879	570
919	642
978	763
1053	826
1140	911
1189	974
1189	894
1196	931
1190	930
1133	825
1181	803
1192	758
1146	665
1090	670
1025	664
930	584
889	478
811	457
784	403
730	422
736	427
738	430
696	446
750	466
848	475
868	544
927	571
1019	594
1207	676
1328	656
1327	704
1309	699
1321	692
1332	605
1301	513
1271	455
1217	428
1142	454
999	417
930	451
902	444
883	486
848	438
815	453
782	442
755	485
759	503
880	523
994	620
1051	715
1119	849
1143	885
1207	983
1291	924
1231	974
1130	910
1152	904
1104	1000
1012	925
924	833
818	703
720	604
659	656
629	644
625	655
618	601
616	595
609	569
637	583
621	567
625	603
693	683
708	657
794	717
810	775
860	811
889	855
987	989
1064	1039
1039	993
1125	1008
1133	944
1099	807
1047	798
1017	757
884	752
796	714
768	683
723	614
631	630
600	550
564	574
572	555
629	527
649	580
681	608
745	679
799	760
836	829
825	915
891	910
1038	1069
978	1129
1002	1179
942	1285
895	1159
906	1126
831	1124
749	1080
733	1046
644	1096
657	1040
663	1074
667	1034
614	1002
573	994
513	1039
532	1023
483	1108
493	1158
546	1193
579	1242
589	1346
705	1492
900	1599
974	1657
949	1640
988	1618
1036	1582
1080	1554
1035	1431
1027	1338
1008	1263
939	1197
940	1099
952	1070
960	1021
888	949
786	882
759	860
744	853
755	888
740	911
791	975
767	1003
828	1078
895	1118
900	1195
878	1245
882	1243
866	1258
905	1149
949	1201
925	1179
832	1148
833	1175
763	1113
734	1069
776	1033
738	933
653	912
669	921
604	876
623	899
563	901
522	867
518	833
480	883
535	938
551	968
530	1039
554	1145
530	1324
541	1398
570	1361
530	1359
481	1312
432	1227
359	1204
427	1118
403	997
348	915
320	841
310	831
315	741
281	700
220	615
205	575
208	534
183	509
209	507
204	550
219	546
198	524
165	540
221	649
219	683
268	686
290	738
286	765
330	837
379	839
412	904
361	828
343	764
297	747
243	726
256	771
257	790
279	799
283	746
281	736
345	769
324	742
308	759
375	767
412	766
401	853
448	1002
476	1003
553	1058
683	1136
740	1041
766	1026
776	982
750	937
744	974
699	954
624	880
572	896
537	878
487	915
477	877
476	773
483	707
455	663
422	660
406	650
401	747
455	738
473	748
494	819
568	858
574	961
632	983
640	1031
664	955
610	994
546	1035
546	996
510	979
489	1004
458	934
448	903
394	860
399	862
417	879
388	874
416	838
430	852
436	773
436	755
397	745
456	785
540	841
592	836
656	940
716	1048
871	1062
868	1185
811	1098
765	1093
819	1032
805	997
751	933
789	915
684	850
643	896
632	961
612	950
656	919
605	892
564	818
555	765
489	748
470	736
478	726
523	772
545	854
630	912
671	1066
759	1140
870	1191
897	1332
842	1315
907	1338
886	1383
808	1331
789	1231
798	1239
746	1278
702	1175
753	1225
655	1218
581	1185
600	1114
586	1058
526	1013
525	912
491	921
515	935
539	919
551	952
629	1050
728	1161
729	1265
725	1314
753	1385
720	1442
660	1414
684	1452
641	1278
662	1303
657	1360
603	1229
602	1180
581	1138
580	1035
618	1029
540	951
508	923
501	877
500	838
523	870
569	840
607	855
600	904
614	973
720	1031
762	1135
822	1258
935	1314
980	1283
922	1358
924	1486
832	1449
872	1367
786	1367
734	1318
701	1318
644	1257
591	1169
517	1100
457	1012
474	930
484	939
496	864
491	848
545	853
595	896
600	885
642	944
732	921
665	993
736	1030
794	1004
773	1024
716	986
692	904
690	904
603	863
626	804
651	771
568	738
577	697
518	578
432	534
426	523
420	500
437	497
416	444
443	520
446	495
458	513
468	529
506	571
601	559
620	645
645	637
658	720
616	641
689	671
656	741
725	719
694	728
604	747
651	707
625	695
550	631
524	616
478	594
474	598
462	602
439	587
433	520
445	518
461	615
446	618
409	646
433	683
491	761
528	798
603	872
604	1008
599	1047
560	1009
549	978
520	926
467	896
459	815
474	743
378	705
426	724
433	708
419	673
399	668
380	587
320	572
388	559
435	565
513	574
579	569
566	576
523	608
517	667
531	727
550	772
559	748
562	643
526	662
562	607
490	581
502	595
520	579
480	502
528	516
540	528
484	480
488	500
472	478
459	476
455	420
491	377
547	338
529	336
510	347
577	367
636	408
666	442
669	479
771	589
759	619
789	682
801	652
881	580
759	548
703	597
738	615
711	552
672	432
668	413
601	439
551	437
526	459
507	427
480	354
520	336
549	340
584	379
624	451
617	471
683	515
802	635
856	667
942	708
981	780
967	798
999	943
960	862
903	893
866	873
834	853
812	797
764	746
790	756
705	748
653	736
620	730
573	742
572	705
568	711
550	737
551	798
615	801
668	897
672	939
731	1019
742	1125
765	1218
812	1344
790	1246
825	1180
805	1227
758	1197
726	1206
683	1120
618	1127
607	1104
617	1032
557	1032
549	1007
525	991
496	961
488	973
470	924
488	945
461	957
485	996
504	1001
538	1058
632	1108
676	1160
782	1265
902	1323
897	1302
892	1262
921	1323
940	1244
977	1263
908	1279
804	1143
765	1052
709	996
664	898
597	821
600	818
606	784
579	700
507	700
486	719
475	718
490	779
568	794
576	801
640	848
711	959
862	973
929	1054
896	965
979	1059
1070	1037
1068	963
1125	969
1017	953
933	876
898	843
860	866
773	802
700	802
702	767
696	759
639	746
657	715
718	731
703	761
786	743
782	748
875	795
980	847
1004	860
996	934
1025	1042
1021	1019
1038	991
1074	966
1005	932
940	803
916	723
774	680
755	623
657	613
605	572
549	561
555	537
551	477
550	497
607	467
594	495
631	556
654	566
690	642
812	700
878	710
1020	714
1108	657
1197	694
1155	620
1184	622
1181	622
1149	607
1212	685
1225	698
1097	582
1072	533
1028	495
987	496
904	476
849	435
792	392
807	333
804	311
828	319
828	299
808	305
853	250
921	278
931	366
983	420
1042	459
1077	491
991	506
1009	498
1072	508
1021	438
945	461
909	426
778	407
803	345
684	355
663	357
678	375
636	343
590	333
581	346
561	321
507	330
519	344
516	341
548	393
614	478
690	505
646	584
595	656
627	640
687	677
688	589
723	625
666	561
727	596
712	565
741	496
719	457
698	413
623	459
575	445
567	464
575	440
575	411
612	369
560	344
566	323
502	348
571	367
629	365
674	387
777	424
912	463
1023	521
1022	493
982	490
995	516
998	441
1032	437
1021	413
899	399
889	372
883	369
835	377
818	346
790	324
728	262
784	271
811	221
832	234
847	267
895	262
937	298
963	352
978	337
1012	303
1097	316
1255	364
1225	362
1225	385
1262	432
1199	490
1248	482
1227	469
1172	484
1136	425
1113	381
1087	420
983	373
883	355
837	349
842	339
841	352
866	368
887	393
936	372
980	417
1013	453
1106	503
1171	513
1279	567
1258	632
1200	667
1198	618
1145	607
1179	640
1132	620
1135	594
1101	590
1071	559
1084	543
972	477
983	475
889	454
804	415
741	406
681	409
677	424
672	457
704	461
742	469
807	497
861	542
944	619
993	554
887	663
915	654
897	648
813	665
822	652
791	690
689	624
643	591
594	581
573	587
540	560
538	534
495	498
541	504
498	528
435	506
439	529
414	566
425	580
425	615
441	670
512	707
605	827
593	845
661	983
570	1005
469	1016
481	1108
428	1083
373	1078
381	946
351	886
328	789
299	844
281	786
304	748
304	751
232	703
200	699
196	681
220	666
245	675
188	689
234	713
215	716
263	804
262	836
305	880
323	997
285	916
328	891
328	915
317	860
379	830
425	821
391	862
343	794
253	727
265	651
279	649
243	661
247	610
270	576
298	539
286	544
335	541
316	551
292	610
312	574
385	582
455	681
422	775
457	805
449	807
433	777
437	804
390	806
380	745
374	724
345	629
345	657
305	681
285	689
238	686
274	703
252	668
291	676
303	669
308	674
270	649
275	705
313	631
312	705
282	793
268	845
227	909
265	1056
250	974
263	889
287	853
261	828
276	867
283	874
240	786
169	719
184	741
197	767
205	767
203	804
211	725
191	738
182	711
179	712
220	718
235	779
268	780
334	803
339	896
417	960
463	988
511	980
522	951
467	901
382	816
397	771
404	770
347	730
328	677
288	654
321	721
341	753
324	682
318	682
281	621
293	662
280	606
275	587
287	566
300	607
314	701
323	748
357	786
349	892
406	942
463	992
431	1032
483	1026
442	984
399	961
408	958
406	962
367	900
403	830
401	791
385	783
349	767
347	828
301	819
322	775
343	703
391	723
379	708
358	730
363	692
406	707
461	814
515	848
599	917
667	995
696	968
723	974
736	919
802	943
787	848
771	801
728	673
635	694
588	681
516	641
444	629
458	565
492	581
496	580
508	560
545	568
569	591
577	634
669	662
748	680
828	724
840	800
865	897
929	968
871	984
771	994
823	1020
799	980
734	895
667	931
598	872
545	838
515	823
487	819
486	736
429	717
422	631
431	544
404	524
399	510
419	474
415	489
320	544
332	574
350	578
448	622
483	659
563	682
537	677
471	706
542	716
592	683
649	692
658	681
645	619
591	579
556	548
532	593
516	541
505	555
481	503
488	480
470	467
422	502
452	514
469	540
476	558
536	557
582	562
599	502
636	581
601	661
598	621
641	584
632	503
644	563
679	577
702	607
748	591
694	556
672	540
598	533
626	528
554	509
532	503
516	551
481	469
496	508
469	524
542	565
558	616
533	643
591	686
607	745
652	806
720	873
689	880
722	843
728	825
704	791
751	834
740	869
736	850
709	865
689	787
718	708
631	693
610	656
619	664
587	680
553	685
520	710
509	655
552	626
562	574
634	650
746	686
830	734
955	797
1152	846
1072	880
1156	822
1283	804
1268	722
1233	768
1144	792
1039	806
938	783
923	770
898	765
912	704
850	687
808	596
845	553
835	539
835	563
877	559
851	634
901	710
953	755
1033	779
1056	784
1169	799
1275	873
1360	836
1366	876
1321	902
1255	954
1298	928
1256	895
1217	840
1070	755
1097	687
1094	686
1013	717
945	657
900	695
830	646
800	579
773	569
799	594
853	586
828	632
913	632
953	704
1008	695
1068	790
1052	899
1085	875
1024	871
1016	887
1057	849
1016	885
1052	796
1025	721
1067	737
1081	772
1014	795
944	698
917	645
897	623
896	638
821	602
823	607
854	616
917	562
942	535
975	602
1074	655
1101	683
1110	756
1224	768
1181	784
1162	741
1212	736
1276	706
1200	646
1189	619
1108	519
991	509
990	532
875	542
750	490
750	406
756	347
745	358
677	321
647	266
662	261
694	269
666	278
734	279
810	297
863	363
957	338
1033	371
979	412
973	406
1026	384
950	370
910	422
846	454
783	432
750	345
791	357
779	365
809	356
724	352
665	363
697	359
622	339
600	357
581	347
562	332
597	322
641	296
706	304
853	343
905	308
1003	290
1025	282
1120	201
1071	211
1045	247
1065	298
1007	330
922	310
915	320
857	320
844	268
815	267
788	313
806	286
775	304
786	316
772	336
752	348
815	354
845	405
917	440
942	488
1030	460
1160	429
1275	421
1338	457
1343	470
1384	428
1373	428
1385	405
1311	380
1114	386
1089	384
1059	360
1066	386
964	385
935	302
893	282
883	315
895	330
930	297
959	317
1010	304
1140	317
1246	322
1397	377
1499	404
1657	468
1761	489
1738	622
1669	604
1565	667
1356	626
1332	670
1318	640
1226	576
1156	561
1070	505
1014	477
934	446
871	435
863	491
894	476
796	483
827	479
823	471
901	439
907	474
966	523
1080	567
1202	639
1398	656
1459	767
1476	713
1482	692
1523	647
1541	661
1528	670
1509	570
1516	585
1452	573
1377	613
1298	538
1215	597
1180	581
1081	580
1065	563
1051	592
1021	589
1038	538
1092	584
1081	632
1150	666
1240	693
1384	715
1486	781
1555	803
1499	841
1524	775
1516	810
1440	803
1468	816
1426	826
1473	732
1421	675
1385	646
1266	620
1281	608
1208	583
1152	490
1101	480
1050	489
1048	428
1115	488
1145	501
1217	525
1245	567
1300	682
1332	792
1398	770
1517	795
1543	832
1485	881
1444	868
1374	901
1397	971
1351	976
1247	968
1151	947
1076	926
1036	934
978	946
970	894
925	850
901	837
871	797
843	733
892	818
921	776
966	872
1062	913
1111	970
1219	1080
1398	1117
1503	1204
1420	1236
1438	1117
1465	1291
1434	1113
1357	1033
1260	941
1254	810
1253	784
1165	705
1078	666
1123	628
1094	615
1074	565
1068	540
968	467
940	479
976	469
1006	534
1033	570
1144	643
1293	688
1370	801
1474	949
1612	999
1632	948
1584	938
1584	1000
1489	971
1465	1006
1418	944
1319	863
1278	782
1276	772
1271	718
1167	687
1104	692
1069	728
1083	649
1076	633
1090	645
1091	652
1124	787
1176	819
1246	858
1386	975
1447	1088
1617	1176
1731	1262
1681	1250
1686	1323
1695	1350
1715	1263
1672	1191
1544	1144
1372	1172
1197	1027
1131	1007
1115	928
1041	838
918	802
811	776
760	690
770	676
709	680
694	756
722	765
678	777
693	828
745	901
857	948
906	1068
991	1118
960	1057
926	1010
911	924
912	922
885	937
865	936
753	901
672	900
666	848
657	862
651	869
572	813
556	821
520	806
529	766
565	766
561	786
615	826
644	919
726	1004
857	1088
929	1177
1056	1334
1139	1503
1055	1446
1042	1481
1028	1431
954	1361
814	1376
737	1356
716	1276
630	1165
617	1109
628	1039
595	1037
552	954
522	870
474	823
501	776
518	803
532	801
565	900
557	981
538	1020
620	1087
637	1121
663	1284
719	1346
653	1387
719	1267
743	1319
769	1254
732	1170
654	1100
655	1136
637	1017
510	1022
404	991
405	965
422	958
363	952
364	933
366	907
407	899
412	945
413	1041
422	1084
426	1191
469	1340
518	1519
570	1611
609	1766
609	1780
635	1797
685	1929
691	1841
607	1735
532	1707
440	1577
388	1572
372	1517
371	1458
397	1367
365	1367
408	1311
393	1261
334	1192
327	1187
335	1137
345	1172
318	1241
389	1281
437	1305
583	1438
646	1513
653	1626
601	1585
671	1612
633	1660
644	1666
582	1585
587	1485
554	1328
547	1300
544	1303
542	1252
548	1199
526	1149
455	1103
395	1094
416	1095
433	1034
448	1000
454	1007
502	978
532	1088
676	1186
650	1232
721	1357
824	1480
749	1392
670	1364
658	1317
640	1284
655	1329
610	1323
550	1290
442	1171
416	1107
385	1002
372	924
268	916
261	901
295	906
292	845
294	770
304	794
324	854
305	892
315	923
346	1024
400	1090
474	1143
535	1282
590	1251
635	1253
569	1307
551	1278
568	1298
599	1173
619	1151
590	1061
701	999
745	966
769	910
767	888
772	869
750	841
727	806
692	822
699	834
758	861
771	899
868	994
936	1090
1052	1189
1160	1216
1257	1297
1165	1314
1128	1356
1123	1332
1054	1277
1006	1315
956	1316
896	1219
810	1189
748	1136
717	1112
679	1031
652	1003
632	954
623	920
576	870
598	786
623	860
633	867
699	911
763	1017
759	1145
806	1219
904	1325
998	1380
1038	1314
1055	1311
1242	1344
1244	1334
1215	1312
1118	1349
1054	1302
920	1290
921	1261
868	1187
805	1107
808	1048
766	1045
718	1026
720	1009
724	1055
736	1078
792	1124
861	1115
976	1222
1133	1284
1192	1359
1253	1455
1413	1500
1456	1417
1390	1392
1368	1433
1348	1406
1311	1358
1303	1276
1318	1151
1268	1046
1240	991
1180	972
1155	869
1078	808
1047	817
1013	757
981	747
995	745
1065	729
1124	685
1116	652
1124	729
1230	734
1308	810
1434	818
1512	833
1483	796
1498	763
1485	621
1437	586
1447	542
1331	533
1226	481
1174	466
1174	388
1049	369
1001	345
972	281
887	284
868	266
821	220
824	195
896	202
947	216
1002	237
1085	232
1169	218
1325	220
1376	265
1356	236
1255	285
1273	314
1194	306
1156	318
1145	331
1147	284
1058	292
1085	266
1131	302
1092	344
1050	315
996	355
983	338
965	290
951	251
928	252
898	246
898	229
912	246
1014	264
1068	317
1143	357
1296	399
1442	437
1446	409
1475	486
1437	478
1439	432
1397	443
1423	381
1389	376
1306	281
1214	264
1131	252
1046	227
940	206
877	203
883	188
846	186
828	198
869	205
869	219
911	196
997	186
1130	164
1213	158
1170	194
1371	185
1349	190
1343	206
1425	218
1366	182
1283	226
1263	211
1182	209
1149	229
1070	236
986	225
950	213
888	202
857	225
831	210
843	191
847	137
876	163
952	175
1005	153
1083	175
1159	205
1253	220
1304	229
1360	197
1244	226
1283	213
1279	229
1288	244
1166	223
1125	224
1057	227
1041	198
985	188
939	196
949	158
915	169
755	186
710	166
652	142
705	182
660	167
657	156
727	205
730	179
807	158
947	199
1047	216
1049	253
1019	260
964	308
980	317
949	308
889	280
851	294
788	318
747	321
758	306
755	261
760	250
718	225
714	218
668	206
636	240
648	282
640	291
672	343
784	385
784	410
858	479
907	539
955	548
1035	599
950	569
882	610
751	631
658	665
631	751
574	718
525	551
474	478
478	498
490	400
469	368
426	341
422	339
393	283
395	258
382	301
316	333
326	355
371	402
395	465
412	459
453	487
533	454
575	409
630	437
535	410
569	463
514	441
484	421
473	405
474	403
395	386
377	320
362	270
411	249
353	257
334	265
305	279
306	254
339	285
373	257
395	318
396	360
433	385
426	354
488	356
550	363
598	402
644	389
715	383
705	438
640	431
695	420
579	425
487	409
497	393
471	352
450	371
379	350
339	315
328	306
331	314
299	327
305	335
289	349
290	378
290	369
304	427
323	457
289	537
324	569
395	585
437	539
504	622
571	693
619	613
608	607
528	582
551	546
457	531
409	483
404	420
447	408
409	349
417	348
376	343
401	388
387	342
413	335
420	342
434	345
453	366
444	407
451	454
564	475
537	427
506	434
533	403
521	361
546	314
537	320
539	300
477	308
436	361
370	305
383	285
320	289
363	284
325	261
298	251
355	223
338	232
350	227
382	252
434	250
500	234
544	242
566	245
726	308
715	286
654	331
623	373
677	356
673	334
725	342
610	313
636	281
615	243
584	218
599	234
595	239
524	248
524	268
498	242
490	177
463	139
448	139
479	185
524	216
570	250
619	284
668	302
651	434
663	547
682	566
672	544
738	569
680	487
661	510
639	504
589	467
520	436
564	409
514	439
540	455
516	418
450	412
481	415
442	408
432	414
425	423
444	428
398	489
486	546
545	591
682	640
803	692
809	842
750	787
738	757
759	800
703	824
696	922
687	845
719	753
714	697
666	727
609	665
558	541
508	507
461	473
467	449
459	462
412	444
460	383
472	438
505	405
533	429
595	449
635	448
595	432
626	465
618	364
654	360
590	402
586	424
614	403
650	363
574	285
514	272
523	279
519	242
469	223
424	195
377	230
372	265
375	259
380	264
385	330
367	316
371	348
434	418
415	371
432	418
466	442
500	426
577	387
574	378
598	385
670	354
581	291
609	266
518	272
438	232
419	177
440	199
394	194
363	196
335	190
298	184
299	167
258	195
252	177
250	169
282	166
268	189
310	226
295	245
356	274
425	322
440	352
529	363
455	398
460	388
471	395
518	464
513	359
492	404
448	370
453	387
449	367
426	339
399	346
399	314
420	290
454	360
455	399
544	428
614	486
654	531
687	516
759	571
789	578
941	637
814	653
737	671
751	595
