777	1330
743	1289
735	1244
715	1146
751	1099
733	1098
675	1112
634	1102
593	1071
580	1023
575	960
542	930
563	927
545	930
551	938
593	993
594	1111
736	1215
851	1366
962	1489
1002	1601
903	1573
998	1562
1049	1594
1057	1544
1010	1527
1010	1547
908	1377
819	1290
749	1244
724	1200
659	1141
607	1135
584	1070
639	1058
652	1014
605	974
630	981
614	1003
679	1031
731	1113
769	1259
800	1334
821	1481
874	1499
853	1491
839	1458
801	1409
788	1425
786	1425
706	1456
630	1365
554	1280
510	1188
520	1077
457	1055
434	968
466	927
417	870
429	857
445	820
448	859
519	925
529	930
573	1035
627	1152
661	1259
712	1439
671	1458
626	1453
657	1423
667	1457
628	1403
619	1472
567	1397
553	1393
599	1347
547	1250
561	1180
486	1087
453	1058
429	1031
345	991
338	958
380	918
355	911
373	901
408	923
475	1007
605	1080
578	1123
634	1235
626	1306
634	1374
563	1375
560	1366
494	1301
492	1337
481	1354
487	1340
420	1231
426	1172
383	1100
303	1077
348	1057
355	971
349	920
351	900
358	882
349	884
340	923
358	972
335	1039
371	1145
419	1324
497	1389
521	1503
481	1439
511	1440
567	1484
555	1389
574	1326
507	1223
499	1139
496	1094
435	1037
489	955
427	945
466	871
455	885
439	868
392	838
417	874
465	877
440	950
425	960
484	1036
503	1104
658	1210
690	1263
713	1258
677	1222
670	1294
644	1280
587	1268
597	1216
565	1164
496	1079
568	1017
573	899
553	843
559	837
540	845
541	853
509	787
540	812
539	776
526	795
564	827
588	916
649	939
714	982
784	1064
840	1135
834	1148
887	1102
900	1059
924	1017
883	1116
811	1122
728	1119
691	1017
604	935
550	853
517	838
456	873
432	814
453	774
438	722
408	713
389	708
473	663
460	661
528	712
556	718
620	834
681	870
876	944
886	985
851	995
861	1023
871	1052
897	1062
883	1055
871	1071
845	989
758	961
707	918
694	814
575	768
509	707
515	627
567	569
522	554
525	547
522	566
548	571
486	576
507	622
584	669
647	680
748	732
743	735
715	748
743	831
757	942
746	975
757	1004
711	930
659	920
583	899
576	829
592	756
477	786
482	747
493	711
518	728
521	648
531	627
540	674
497	704
575	771
559	808
586	844
605	929
695	987
727	1160
714	1135
781	1038
731	1072
626	1069
563	1054
597	1037
490	961
485	950
485	915
474	914
437	946
436	896
448	827
396	813
409	761
444	727
401	712
437	745
386	772
419	818
450	848
502	882
547	903
633	824
606	794
554	769
582	785
637	620
645	623
603	617
584	608
601	569
577	547
560	561
549	553
552	470
531	457
497	410
503	333
477	350
476	368
555	394
622	367
716	384
834	407
958	429
1122	494
1169	511
1146	491
1172	513
1188	498
1113	450
1084	387
1142	429
1118	402
983	369
915	341
864	328
781	275
702	270
638	237
600	223
573	205
603	169
545	175
671	199
684	213
762	242
817	309
876	317
925	384
957	358
925	419
995	422
965	436
981	381
951	383
834	340
787	263
805	249
869	240
814	198
807	227
679	215
601	198
582	215
550	226
524	200
549	206
621	214
635	256
637	274
717	336
848	383
870	476
999	513
1000	588
1083	656
1103	597
1095	618
999	634
1052	552
907	503
857	496
860	524
784	510
761	497
778	518
721	531
652	533
607	482
643	422
604	402
682	397
738	427
782	468
824	430
847	461
879	502
959	570
1023	583
1012	608
1102	614
1039	610
1024	608
894	590
811	512
818	482
846	465
815	475
803	502
804	449
731	406
725	411
672	376
656	382
691	314
691	339
744	337
783	354
833	443
915	455
959	533
993	538
961	502
913	459
1021	500
934	472
940	469
887	430
927	414
974	417
928	435
939	425
923	358
946	310
880	304
874	308
836	277
860	291
830	291
878	310
923	298
998	334
1061	351
1113	342
1160	406
1247	376
1204	371
1234	344
1306	340
1316	254
1343	285
1284	260
1217	262
1074	240
1008	245
1021	205
972	189
949	190
938	184
878	210
906	213
905	214
930	227
918	298
965	349
988	351
1125	406
1186	425
1199	417
1217	437
1221	377
1241	363
1284	398
1249	437
1279	380
1215	407
1162	402
1087	429
999	457
924	376
930	349
873	307
839	336
796	346
769	335
790	319
759	283
763	292
854	336
938	384
1025	402
1116	400
1249	420
1359	464
1395	411
1329	367
1393	392
1403	413
1306	439
1166	415
1122	431
1093	398
1031	363
998	340
940	343
872	373
801	366
763	356
743	364
793	363
803	373
828	325
921	309
1027	320
1194	330
1308	412
1408	382
1474	354
1362	362
1319	423
1255	430
1159	421
1111	397
1107	450
1016	428
936	404
824	372
785	357
756	351
742	362
701	337
695	321
644	281
647	255
660	231
705	231
707	243
691	251
710	309
806	347
769	423
871	443
843	378
833	368
710	411
733	455
819	479
835	480
801	427
799	373
713	347
746	318
715	304
716	311
692	308
658	288
637	289
635	313
657	278
732	297
721	353
713	395
787	433
892	411
975	441
1029	459
938	512
932	568
938	623
926	569
996	660
953	753
873	738
810	737
793	746
784	681
720	647
698	609
709	602
698	617
612	602
644	607
629	571
650	646
622	670
659	697
695	764
821	874
950	1030
1010	1085
1029	1030
1021	1090
1071	1121
1052	1181
951	1100
918	1062
920	927
850	882
784	843
739	796
707	816
750	811
715	820
663	789
609	749
579	750
534	759
623	733
605	760
671	812
696	807
761	864
878	936
1017	1023
1044	1017
1067	966
1123	889
1058	909
1087	888
1043	796
933	780
872	769
818	752
797	753
785	674
706	636
675	632
655	584
627	566
627	544
623	605
678	621
703	695
680	741
710	778
736	797
759	880
771	936
733	987
712	976
725	996
714	900
603	893
573	819
521	758
446	683
435	630
409	661
359	649
331	636
315	624
325	535
349	511
370	528
415	536
456	535
501	589
546	667
547	702
548	735
644	798
778	830
842	766
737	827
645	839
537	797
602	842
600	844
512	768
511	645
546	591
489	548
446	551
433	452
434	444
372	429
336	443
297	402
288	394
341	403
327	422
380	487
484	529
518	510
568	575
709	692
818	708
815	733
864	740
856	722
778	690
825	610
818	548
745	552
720	517
671	514
648	601
596	538
549	523
520	529
515	480
494	478
488	502
533	520
536	565
548	582
636	672
700	709
764	754
817	796
802	744
796	737
856	751
852	693
842	726
881	572
845	593
756	547
722	559
726	577
730	546
714	512
633	478
549	516
486	498
445	437
516	429
560	403
582	429
589	481
699	513
709	559
671	671
691	725
704	675
703	680
734	705
721	625
711	611
605	589
556	596
529	543
489	583
514	537
574	443
564	397
445	404
427	340
450	314
463	316
437	328
434	323
487	306
502	352
540	377
602	425
598	484
603	449
666	482
713	476
689	457
601	445
615	510
587	579
559	544
533	542
506	580
539	589
476	549
455	541
495	506
453	477
476	441
445	430
484	433
508	458
556	465
542	484
570	535
597	591
659	661
710	660
801	640
754	681
842	698
904	710
851	682
847	646
789	671
845	677
767	651
768	670
693	625
706	615
584	600
617	581
592	516
613	492
621	519
650	580
662	580
690	687
729	680
793	737
865	853
920	892
930	908
895	949
797	918
803	956
703	953
640	909
632	894
634	862
610	867
605	839
614	783
601	734
619	706
619	683
595	671
563	652
612	680
663	706
676	774
690	835
710	867
784	919
831	1038
963	1065
972	1016
976	1026
981	1026
967	937
980	908
932	858
929	768
825	716
826	644
720	600
688	545
634	503
581	506
600	505
558	539
605	508
575	512
606	533
665	568
701	672
762	733
871	810
1032	850
1086	862
1064	846
1007	874
960	883
932	787
927	768
913	822
850	801
749	715
737	713
689	625
634	634
611	581
594	571
544	626
494	601
492	555
505	637
535	708
562	752
609	768
692	787
748	856
808	961
873	945
826	1023
874	1069
953	1099
739	1087
720	1021
682	1053
611	1037
555	966
565	954
606	876
539	826
440	760
490	724
500	672
388	642
422	642
406	574
431	583
420	551
462	589
466	692
488	763
518	823
493	965
512	1024
495	1035
452	1132
446	1122
442	1127
386	1088
403	969
396	1000
402	956
338	833
364	865
359	823
338	790
339	792
325	707
342	648
333	651
356	701
383	731
390	743
459	902
541	933
607	1009
674	1056
749	1107
830	1115
888	1115
834	1139
897	1115
827	1081
810	1035
749	950
790	852
759	863
769	876
754	828
749	779
655	708
589	730
611	730
665	763
676	731
720	766
817	853
888	921
895	963
893	1066
915	1228
814	1121
844	1060
879	968
891	867
883	870
832	869
852	845
789	776
734	756
678	700
692	696
619	623
619	562
628	531
646	545
669	568
689	587
771	615
812	580
846	623
878	698
992	744
1045	757
1112	878
1123	919
1081	1012
1056	1054
1119	960
1074	970
1059	976
1007	938
940	916
935	893
869	821
861	789
755	742
737	749
725	642
695	630
658	557
678	576
720	544
731	545
763	567
900	651
955	707
956	829
889	880
909	842
897	826
878	938
860	927
808	970
747	902
598	807
610	704
631	604
656	607
645	594
620	578
568	601
593	608
569	612
601	533
577	537
589	533
674	549
692	615
743	660
786	710
840	753
895	815
844	814
908	777
873	712
820	678
812	668
768	628
650	618
661	628
633	624
608	605
565	611
538	564
470	603
491	549
479	546
496	566
516	565
554	541
604	610
604	670
687	649
783	746
921	788
992	767
969	716
993	722
873	708
845	764
843	683
807	672
784	662
730	678
714	675
648	624
648	529
589	441
490	425
422	439
367	427
380	421
438	390
475	418
456	496
525	528
620	530
653	576
738	660
783	738
821	751
849	772
818	852
775	834
810	807
843	798
778	763
728	725
667	661
600	623
575	623
506	572
461	478
428	447
389	467
390	513
403	495
459	524
491	530
497	584
492	595
613	572
712	584
760	613
760	657
831	600
867	642
866	741
851	713
814	668
738	626
666	561
558	492
553	408
534	409
467	342
431	350
382	326
383	295
378	275
346	304
408	364
411	389
441	427
552	475
586	584
680	663
702	735
617	646
681	663
624	672
650	679
604	666
560	716
547	653
474	579
394	534
374	483
372	499
361	481
339	481
330	464
338	400
403	466
413	462
372	508
342	537
360	565
419	618
495	573
504	624
524	600
529	576
472	510
542	542
516	583
465	545
406	564
426	561
405	603
349	571
324	538
271	537
248	558
176	530
146	520
159	522
156	533
154	521
168	498
198	511
239	550
274	575
289	665
397	766
522	782
480	746
623	841
690	887
621	884
719	943
711	862
774	811
704	781
661	771
654	854
559	822
478	680
426	591
375	542
311	490
276	494
264	460
232	455
244	500
295	545
302	605
382	682
435	761
399	769
347	744
387	831
324	876
291	907
271	964
276	944
294	898
297	826
304	711
313	667
311	681
254	598
207	593
171	541
174	559
167	584
191	540
204	486
227	489
226	541
305	548
293	603
301	740
360	743
372	718
396	793
383	714
382	722
472	701
400	629
360	643
390	684
302	678
236	630
253	599
292	565
286	503
290	485
324	443
334	379
328	433
325	481
278	480
263	539
278	558
298	603
318	676
333	725
327	732
328	666
321	755
323	781
284	796
311	741
296	716
313	755
285	683
287	672
292	680
283	594
297	555
284	531
310	470
332	516
364	528
414	564
475	646
543	627
607	693
676	765
718	824
790	931
731	923
714	885
816	895
751	805
648	805
609	720
598	683
592	639
555	556
520	527
482	512
477	511
449	502
449	496
412	478
416	506
464	515
485	540
550	567
549	635
578	743
681	773
808	834
992	966
994	922
1016	937
942	868
829	859
806	795
776	711
782	673
779	615
746	618
711	582
731	531
715	477
657	426
665	424
656	396
590	392
611	391
611	426
579	417
622	437
624	425
673	420
661	498
741	480
682	492
692	421
698	435
715	455
787	446
634	415
600	395
572	339
535	318
503	263
463	247
485	235
468	256
414	270
428	269
453	255
467	292
509	343
539	345
620	373
671	470
791	556
828	608
927	735
874	724
939	770
918	838
896	798
772	732
830	753
775	600
774	501
756	450
774	387
724	425
743	425
695	477
679	448
665	437
674	401
711	379
723	363
767	422
852	414
837	435
945	494
956	501
917	478
898	502
895	500
956	483
823	452
756	437
725	419
649	447
610	399
598	369
607	339
573	309
542	335
517	311
490	273
465	303
461	307
459	290
492	284
520	319
566	359
646	361
699	402
701	422
763	393
673	392
654	370
596	451
615	436
620	459
622	465
551	412
564	346
530	328
548	377
540	382
515	407
510	423
529	459
488	515
508	450
545	448
591	526
635	560
674	573
724	647
771	669
884	672
968	664
961	713
980	725
955	667
799	636
708	659
682	682
620	694
624	677
591	659
540	645
538	616
458	539
456	542
436	554
461	513
507	511
476	532
523	481
591	482
648	501
676	536
730	658
799	719
904	777
847	698
833	662
894	690
880	601
891	582
895	535
850	539
796	564
679	569
670	610
636	585
591	592
578	539
562	470
504	454
496	437
514	441
520	455
543	471
618	478
640	575
662	645
779	731
815	774
801	767
758	741
829	863
820	861
760	861
742	853
734	853
752	793
698	719
706	720
688	699
640	732
624	683
598	703
570	710
536	680
508	746
533	767
567	780
499	957
563	1028
590	1101
716	1259
755	1231
823	1149
798	1173
791	1226
787	1238
774	1179
838	1137
754	1084
683	985
685	954
605	918
618	951
629	879
552	820
555	844
516	798
548	789
554	772
573	749
586	772
618	787
732	836
823	833
899	978
899	1020
882	966
936	896
952	964
882	905
871	834
996	860
891	769
833	828
802	768
788	716
732	644
742	646
749	591
778	584
749	581
749	595
728	614
726	656
720	695
774	752
856	817
962	921
1034	1003
1049	1125
997	1061
1034	966
1163	995
1098	988
1102	1004
1039	989
1024	909
1009	764
1002	729
1003	682
1008	640
995	609
914	539
918	463
870	419
891	397
908	389
859	417
922	448
999	477
1086	547
1214	604
1323	610
1408	630
1329	689
1343	749
1381	808
1386	800
1403	771
1277	753
1232	713
1107	587
1099	603
985	570
932	498
840	490
754	430
738	364
753	329
727	318
776	331
844	317
854	333
985	361
1013	401
1135	455
1226	506
1357	539
1323	517
1337	574
1278	596
1244	620
1223	632
1198	634
1146	543
1018	575
967	488
978	457
994	402
972	396
961	406
927	387
906	424
848	464
873	444
924	455
999	438
1032	472
1123	572
1187	591
1242	610
1337	706
1341	670
1416	748
1392	801
1329	781
1323	733
1354	716
1317	666
1219	564
1159	537
1096	506
1024	474
1007	445
971	447
941	461
904	449
926	437
949	433
1010	462
1082	519
1154	553
1154	605
1207	579
1365	641
1469	684
1391	650
1399	627
1404	584
1352	505
1265	469
1242	434
1193	429
1112	418
1123	426
991	397
987	386
944	377
879	347
863	388
829	361
791	382
826	412
910	409
978	390
1058	465
1164	562
1195	573
1225	645
1285	695
1210	677
1171	684
1148	745
1133	739
1154	659
1116	666
1031	651
1015	635
941	582
844	532
799	570
712	590
622	569
602	560
639	586
663	581
659	602
653	622
643	641
711	667
730	710
794	756
895	870
1062	983
986	903
964	940
916	943
865	855
884	848
761	804
800	794
748	767
689	798
660	730
605	635
595	607
571	578
529	613
504	579
512	561
533	536
562	551
586	537
606	568
612	595
590	727
660	787
655	742
629	767
545	727
626	651
648	604
586	591
639	542
611	474
608	467
613	458
575	494
525	455
515	490
501	361
491	372
465	401
489	360
500	343
516	340
562	323
543	408
577	392
553	422
543	472
631	497
603	459
574	509
593	536
541	505
572	395
533	408
516	352
509	339
499	399
486	401
400	431
383	398
373	374
326	393
360	382
367	402
413	424
515	435
599	458
646	524
737	616
843	698
1027	698
1151	750
1020	687
980	691
987	656
947	566
902	510
848	527
817	508
785	509
803	501
759	474
696	479
597	436
620	451
580	425
548	411
574	397
570	404
618	433
653	445
708	453
716	536
802	540
833	517
812	528
787	546
723	528
728	540
722	581
691	599
675	533
638	494
536	510
542	442
479	415
470	365
397	334
352	325
363	324
353	334
397	366
383	361
398	430
437	389
508	481
517	514
611	572
701	626
652	733
652	772
605	751
620	660
713	610
702	571
754	496
708	475
666	428
646	422
677	346
621	377
559	367
561	358
529	363
553	343
480	301
484	308
513	317
532	290
582	310
619	358
678	427
769	454
849	497
874	482
875	479
787	457
761	399
775	346
694	388
770	400
717	396
665	341
622	369
605	365
547	363
484	321
450	314
426	308
457	291
429	272
434	329
475	334
523	323
557	386
612	442
689	505
702	556
661	481
590	450
620	415
715	381
702	367
579	343
550	338
533	311
533	351
564	341
537	308
524	320
500	311
507	296
548	272
589	313
574	299
577	290
651	336
680	341
734	350
756	379
792	353
791	414
737	456
767	515
694	501
695	522
724	525
690	525
616	508
547	415
570	388
560	384
545	312
508	310
457	295
429	340
389	322
386	316
362	303
419	284
473	282
544	314
637	342
738	390
796	508
839	538
747	489
680	486
721	541
772	479
739	429
777	457
794	380
767	314
748	308
702	294
721	319
766	311
660	303
642	346
619	360
600	370
589	367
546	383
558	426
519	407
550	475
604	493
695	520
809	557
849	616
847	609
855	588
862	564
849	533
805	555
740	502
737	461
727	439
724	403
682	383
630	371
584	322
554	320
552	306
563	293
607	310
603	300
614	312
620	307
701	332
699	344
763	417
861	447
828	398
914	398
919	369
895	332
892	377
865	313
828	277
752	303
760	335
766	367
704	326
677	346
713	272
709	256
632	275
660	264
655	259
659	265
731	273
774	258
910	254
952	291
1063	313
1168	383
1217	391
1219	403
1274	399
1240	401
1141	381
1050	413
1003	408
980	417
897	471
838	456
842	475
806	499
806	477
810	456
816	465
802	460
826	439
892	434
985	458
1018	593
1124	670
1185	716
1386	707
1453	796
1384	828
1377	826
1400	803
1423	839
1382	912
1314	898
1268	820
1181	769
1156	737
1055	712
1065	637
977	619
914	577
899	556
910	566
912	596
909	575
932	605
961	621
997	696
1067	740
1186	863
1310	956
1367	1013
1306	944
1233	927
1252	900
1186	953
1158	853
1042	890
934	830
936	818
900	709
786	662
715	655
673	627
711	623
694	647
725	657
736	694
683	700
661	726
629	743
670	780
719	836
782	987
920	1181
993	1212
950	1206
936	1172
943	1270
934	1156
702	1088
603	1098
559	1039
488	1019
467	989
445	929
361	944
287	914
320	843
286	874
281	866
292	859
307	879
371	875
445	884
440	974
519	1046
574	1080
673	1171
716	1253
672	1166
687	1143
686	1200
723	1164
680	1166
673	1112
620	1023
585	892
559	945
520	929
521	837
489	797
470	774
479	704
477	657
483	643
517	664
526	681
559	769
615	799
652	888
675	932
784	1025
835	1062
782	1069
814	1124
770	1166
733	1156
717	1114
669	1144
610	1089
586	947
555	870
472	835
409	809
400	783
425	694
465	728
472	761
470	704
463	735
536	718
578	762
553	811
523	880
557	935
607	1007
598	1090
553	1031
450	1067
484	1029
496	1106
502	1233
457	1141
471	1043
480	992
415	900
429	876
429	833
438	867
464	845
400	797
399	761
435	775
414	758
388	828
417	840
466	821
487	991
542	1044
590	1160
661	1167
697	1088
617	1074
730	1185
739	1047
680	985
615	1010
532	1019
561	988
543	948
580	886
557	822
525	776
548	687
506	700
447	675
490	623
475	631
494	640
531	617
571	592
643	632
784	691
913	734
873	837
873	880
853	798
819	918
857	959
809	960
816	1000
813	926
850	855
808	758
742	648
624	594
547	528
540	476
542	455
556	471
510	443
553	490
576	495
623	550
624	602
729	599
824	692
872	753
878	792
772	826
782	811
697	836
689	808
725	772
773	839
686	836
705	881
643	779
658	734
591	747
556	747
480	716
449	691
463	675
483	608
516	611
530	624
620	678
651	715
695	728
710	799
758	895
790	1062
784	1061
859	1035
872	1048
934	1109
958	1148
922	1108
880	1076
768	984
799	930
736	880
692	782
666	681
638	644
594	623
575	593
579	612
536	620
589	673
534	635
635	679
711	761
748	817
856	896
867	935
849	990
918	1018
959	1007
954	993
946	934
908	849
850	843
742	794
672	761
660	690
578	661
579	618
553	634
536	666
519	660
504	657
529	683
578	622
601	624
630	649
688	725
644	755
719	710
728	817
762	790
679	717
691	843
678	793
684	734
624	709
636	710
569	715
513	689
502	703
503	623
455	640
434	592
428	517
400	520
383	483
400	455
403	513
398	534
372	563
438	639
474	702
553	848
555	823
503	772
534	764
573	790
523	861
520	915
489	811
477	859
417	860
398	836
387	839
395	787
358	734
436	668
407	621
403	603
371	545
413	577
467	635
438	632
475	695
573	710
648	732
730	715
752	764
795	746
828	847
784	880
804	819
802	778
759	797
708	711
686	574
569	570
591	540
570	557
578	526
530	494
532	530
466	533
438	548
484	556
519	597
507	582
530	612
584	735
555	844
533	913
571	938
598	968
639	1000
622	1034
584	1011
570	1023
601	1012
531	976
465	872
482	808
516	785
462	781
450	801
472	758
434	718
398	690
408	672
393	621
400	588
383	623
394	634
413	738
377	799
415	876
487	895
573	850
565	862
486	996
464	923
442	928
438	906
357	830
358	785
325	753
281	770
247	761
211	714
165	691
214	675
208	639
228	659
219	637
241	665
325	749
320	792
405	877
453	950
506	1014
502	1115
535	1103
486	1116
422	1080
382	999
355	1049
327	1012
291	996
236	909
220	837
217	794
138	856
173	840
180	816
133	815
164	764
193	737
207	776
241	758
263	768
303	778
359	896
350	966
363	1017
356	1122
341	1144
335	1202
297	1195
240	1211
236	1212
249	1182
224	1073
191	953
192	911
172	829
159	768
164	734
137	704
144	687
174	651
145	658
115	628
126	613
89	620
118	661
162	782
222	911
286	1029
294	1030
356	1022
435	971
491	1024
505	1031
552	1045
475	961
485	866
475	833
464	831
384	873
348	818
358	807
326	774
335	785
356	721
358	729
367	798
379	758
445	827
430	785
461	879
451	905
465	953
532	1049
559	1008
571	969
581	944
543	919
495	887
437	829
403	754
391	776
361	740
328	675
323	619
307	610
353	476
345	450
310	390
339	343
380	361
362	404
381	409
400	437
397	482
374	515
387	551
444	628
478	623
486	597
485	584
416	562
431	497
470	525
443	499
408	453
457	400
423	402
418	418
350	377
362	383
346	397
298	402
296	386
342	402
353	386
355	429
421	463
499	473
558	495
556	530
557	576
590	512
600	522
583	537
535	462
609	449
556	397
507	422
457	379
422	335
454	357
462	367
477	288
390	295
326	274
354	284
352	269
319	257
326	272
338	256
376	284
450	330
477	353
512	324
567	362
607	366
649	347
623	359
631	354
616	443
604	414
620	347
606	319
618	303
588	284
525	232
456	203
457	180
477	195
511	196
503	196
514	226
497	241
455	261
494	251
514	275
511	336
563	310
596	265
635	267
599	269
603	300
581	333
607	277
538	235
499	245
520	219
503	203
479	206
445	213
409	199
373	204
350	188
340	174
336	154
315	161
324	178
374	171
413	181
449	210
467	274
533	334
640	400
621	308
642	347
671	327
678	325
658	276
625	296
629	280
628	288
600	326
531	332
546	294
526	288
467	240
492	250
469	257
435	253
452	215
470	216
441	218
451	240
481	309
480	358
540	487
663	496
694	547
728	557
754	558
791	553
749	562
791	609
723	689
702	612
688	652
720	626
712	539
687	540
710	497
716	468
729	465
722	502
703	516
744	521
782	577
817	596
856	709
943	769
995	818
1077	870
1044	841
1036	839
1099	861
1131	934
1060	859
976	786
948	663
893	627
828	600
779	584
724	553
717	483
714	463
697	407
646	409
634	409
658	367
726	358
763	384
815	345
831	386
918	409
1018	454
1018	474
980	441
911	444
856	365
820	287
752	250
760	264
715	223
667	231
669	274
678	302
619	301
597	291
561	281
529	264
475	281
443	270
375	276
382	291
467	305
531	315
494	350
489	429
584	464
650	543
691	574
676	583
671	585
628	520
640	436
622	415
619	405
551	416
581	432
526	436
536	350
477	323
435	350
419	316
415	282
373	302
352	313
336	324
386	304
397	370
434	417
473	447
528	470
578	440
677	505
688	566
672	569
683	587
682	547
651	534
697	544
693	572
671	504
695	466
703	423
668	379
696	324
634	304
583	282
517	316
518	315
550	332
585	337
604	319
679	321
708	359
864	413
914	424
938	418
888	435
956	450
991	399
959	375
929	379
910	358
836	318
812	248
743	222
692	192
635	187
610	194
623	207
632	167
545	164
570	172
622	186
674	217
769	227
863	243
918	248
1024	239
1038	252
983	225
976	245
1041	298
1041	310
1006	344
1047	357
969	381
937	318
915	323
897	283
784	261
801	260
802	235
777	227
750	233
760	235
736	204
737	218
747	234
781	279
796	301
872	364
981	373
1051	343
1009	364
1070	367
994	389
931	473
956	431
953	402
1032	376
937	367
940	301
924	308
893	288
881	322
830	324
792	309
735	327
722	344
720	342
772	320
835	321
939	318
997	328
1084	358
1137	387
1174	436
1121	480
1036	558
968	504
981	479
981	465
954	495
967	425
910	411
871	433
876	400
817	369
779	338
749	298
845	306
807	289
814	277
798	312
832	327
902	347
1024	367
1074	466
1076	499
1139	480
1248	601
1224	592
1201	632
1201	581
1199	603
1119	581
1080	603
1061	631
1116	643
1023	596
926	551
896	563
784	512
740	501
744	425
668	445
702	413
735	411
728	415
786	437
874	450
961	472
969	506
1135	593
1319	630
1218	582
1287	605
1367	574
1259	566
1242	509
1224	428
1134	431
1071	330
984	319
991	296
982	288
932	302
906	288
873	304
797	277
803	219
766	262
772	291
786	317
847	330
906	382
979	380
1110	378
1211	389
1240	407
1257	365
1336	305
1383	304
1408	345
1402	345
1271	329
1145	256
1086	242
1028	195
1045	193
1009	202
972	206
905	185
862	231
823	212
800	238
852	295
893	332
925	363
980	371
1077	417
1174	502
1191	533
1117	577
1159	570
1176	606
1144	550
1164	533
1177	529
1107	496
1043	477
917	453
857	431
859	460
847	427
842	408
877	382
821	302
845	333
923	350
950	401
1025	415
1096	471
1230	509
1393	579
1511	620
1505	628
1501	650
1441	669
1371	690
1303	665
1316	674
1214	647
1197	576
1100	497
1067	492
1000	474
986	459
972	451
919	441
885	399
890	402
866	416
846	384
881	428
944	476
1037	500
1119	546
1171	618
1234	631
1353	641
1304	607
1291	577
1271	606
1223	535
1231	530
1125	501
1038	440
1018	421
1026	367
1051	397
949	362
892	367
890	305
866	321
834	317
766	332
795	330
835	305
877	327
884	345
924	372
1095	466
1252	508
1334	558
1366	666
1338	655
1319	562
1284	571
1233	556
1205	528
1094	528
1010	503
972	520
890	472
889	445
895	425
851	419
886	371
861	371
862	347
866	371
942	368
922	370
988	378
1033	387
1042	437
1076	511
1055	480
1019	520
1046	604
939	564
922	596
881	605
814	578
824	548
765	481
720	509
706	507
689	465
704	510
690	555
626	544
653	569
656	563
642	582
679	585
675	608
703	651
752	668
846	792
948	881
943	1016
930	1027
889	947
837	996
897	956
875	925
805	908
878	806
828	761
813	760
711	759
664	707
697	644
677	644
637	589
650	559
628	536
678	520
790	551
774	553
847	617
885	635
932	713
988	719
965	809
978	781
1046	822
1083	897
1004	885
961	944
1003	902
926	804
908	746
880	709
841	683
866	692
897	646
824	581
857	508
791	453
769	461
726	467
772	470
804	490
842	501
899	615
1020	694
1128	675
1235	714
1270	768
1255	755
1187	715
1124	699
1099	603
1049	579
956	584
833	495
795	513
843	525
820	564
818	525
845	462
827	450
793	401
800	421
848	415
875	422
883	417
898	477
968	458
1063	517
1219	611
1185	650
1094	637
984	574
978	599
940	637
918	676
852	619
844	519
755	616
713	536
710	516
667	537
635	512
597	446
602	452
591	439
469	449
446	467
524	495
564	541
580	597
635	618
721	716
796	698
873	708
793	716
776	740
825	761
713	773
701	827
618	816
532	736
466	698
371	659
363	644
320	618
311	584
337	547
287	444
253	487
218	463
184	496
206	474
249	538
282	536
282	643
304	698
305	755
306	795
360	730
391	731
402	744
432	823
451	867
440	830
407	794
352	790
375	753
326	751
339	675
285	668
264	588
261	518
270	485
285	521
306	537
286	533
339	512
359	548
429	618
467	689
488	866
546	995
496	915
545	928
575	927
555	941
602	908
574	857
532	868
481	741
441	697
417	683
393	664
389	590
393	654
392	609
362	551
340	538
357	539
404	564
411	632
447	656
450	759
465	879
575	964
688	950
676	1026
663	1069
721	1048
663	960
719	878
697	775
726	642
673	581
658	519
634	501
561	466
543	393
523	392
523	407
500	406
486	458
515	508
530	610
544	664
617	709
617	736
726	861
799	885
823	952
850	969
921	1008
885	980
841	1038
827	926
752	904
765	909
742	863
731	816
667	796
655	726
630	704
649	648
638	648
611	637
579	640
627	605
658	656
655	689
691	768
748	839
812	852
859	1010
931	1069
951	1041
970	1072
940	1090
917	994
831	865
847	833
851	769
812	747
739	799
686	704
679	678
608	681
609	671
626	628
587	631
663	652
733	669
706	727
730	760
774	794
785	881
853	882
907	816
966	901
957	933
990	891
1027	910
1066	812
1069	820
1008	668
943	653
871	666
827	632
734	594
636	572
604	520
552	532
532	553
547	583
557	606
589	587
649	649
653	682
717	754
784	784
831	794
793	809
838	855
776	814
754	818
720	783
738	776
674	747
720	812
738	815
649	756
678	735
643	746
619	742
559	673
476	520
469	507
441	479
442	477
425	489
423	506
399	561
431	563
554	607
455	614
512	683
570	751
570	726
611	791
553	751
566	783
599	726
621	640
552	572
490	562
484	539
499	520
538	493
555	488
465	464
429	458
429	462
418	371
445	417
477	471
524	514
596	557
600	598
645	667
716	763
714	879
651	873
592	921
535	899
448	892
403	875
411	872
408	811
396	815
411	842
419	890
440	895
418	831
429	797
394	765
363	785
315	767
294	796
296	825
338	842
370	909
374	984
393	1110
416	1187
432	1188
390	1177
398	1191
455	1129
445	1107
386	1210
398	1180
407	1105
337	1039
327	1056
281	1051
312	1013
293	974
323	969
344	947
368	908
379	887
379	866
414	867
496	927
529	952
528	979
569	1054
544	1043
560	1165
610	1218
580	1233
677	1298
609	1297
607	1278
546	1218
594	1144
601	1066
606	1060
563	1039
580	982
486	933
401	924
455	910
513	911
524	887
450	943
422	982
450	1056
482	1074
407	1204
433	1262
441	1342
456	1463
436	1386
379	1306
336	1293
314	1245
356	1174
338	1106
363	977
393	956
371	822
366	819
353	787
326	736
314	663
303	674
290	683
335	690
380	701
390	712
454	740
502	799
551	831
598	951
707	1011
764	1045
674	1014
706	937
635	909
558	763
651	784
620	755
552	705
439	716
409	699
408	707
390	730
397	705
426	728
414	664
401	663
450	717
462	707
527	779
545	794
627	769
649	804
712	926
823	1068
894	1097
1000	1089
969	1040
1017	1072
1036	952
973	1004
958	929
931	900
835	798
812	676
739	654
719	602
657	573
580	515
570	513
546	525
535	530
550	526
579	497
571	486
643	500
671	547
755	609
808	654
820	771
839	913
872	928
925	962
873	909
858	991
828	1006
700	992
683	955
680	948
621	932
583	885
511	820
545	742
492	644
501	655
458	673
497	681
589	700
536	736
620	831
666	904
704	1026
782	1023
837	1096
797	963
795	853
813	792
811	806
757	745
774	698
700	715
630	764
596	682
543	608
553	601
558	589
469	595
476	591
401	630
392	574
372	549
385	585
373	542
366	562
378	624
499	717
526	661
602	711
636	742
704	772
657	846
671	853
670	913
631	956
569	855
518	930
540	907
543	860
532	787
448	720
427	713
444	717
465	662
488	683
489	670
514	681
552	717
578	821
695	878
812	860
842	882
868	1001
868	1101
902	1188
947	1202
972	1198
995	1165
950	1114
938	1034
856	1043
818	1060
734	1030
744	996
745	950
688	958
653	970
616	933
601	892
617	917
616	987
654	1013
648	1042
675	1117
719	1298
711	1384
816	1426
796	1423
811	1408
772	1401
730	1321
720	1307
762	1223
725	1132
663	1091
665	1065
590	1051
540	985
483	1012
456	1025
411	1002
351	1010
427	959
441	921
474	943
480	972
487	1072
538	1205
586	1323
598	1342
573	1381
568	1388
560	1329
471	1364
445	1387
466	1317
430	1260
444	1201
427	1169
420	1105
404	994
359	937
331	921
321	874
375	772
408	797
443	776
458	791
519	796
599	864
666	834
771	875
777	1021
824	1129
911	1303
927	1276
982	1253
970	1297
888	1271
956	1275
1036	1274
951	1155
941	1127
975	1128
885	1009
866	893
845	793
833	784
829	758
833	737
780	751
806	685
850	689
872	673
979	769
1024	873
1102	944
1105	951
1187	982
1150	977
1109	1018
1132	1069
1202	1052
1216	1041
1145	983
1125	895
1126	820
1023	796
970	807
922	744
836	727
734	747
675	732
641	662
589	671
609	645
637	662
691	705
762	732
793	842
869	824
969	862
1097	885
1016	760
1026	776
1020	823
948	779
901	776
831	713
845	671
828	630
791	636
739	702
690	661
664	587
672	596
633	508
604	508
556	428
567	404
626	372
668	417
734	440
739	458
950	548
1017	620
1064	686
1077	726
1063	714
1153	641
1174	637
1079	687
1023	611
969	644
885	583
846	561
734	547
684	544
653	508
614	466
597	475
555	402
604	466
570	487
634	519
632	544
715	569
808	638
902	706
949	800
980	907
1017	841
989	853
991	913
961	834
983	822
1046	792
1028	733
1014	675
919	601
828	623
831	562
767	515
719	527
690	485
711	521
680	475
647	493
686	492
694	539
702	589
759	712
833	786
900	864
951	947
803	1061
885	1022
1022	1004
1050	930
948	891
866	906
778	843
734	706
699	743
651	700
663	739
606	694
585	648
535	618
490	590
528	563
563	577
546	619
625	646
760	715
754	730
866	712
969	756
1054	871
963	866
986	968
980	956
916	913
932	894
928	873
924	825
858	837
813	820
741	784
744	752
675	705
631	658
645	700
624	687
664	733
638	797
608	812
643	837
781	918
835	1018
899	1115
935	1179
1062	1333
1028	1260
1040	1339
940	1363
917	1310
876	1354
787	1345
748	1281
671	1174
616	1154
599	1058
591	1069
527	942
500	847
485	780
487	794
466	835
440	882
452	891
496	910
550	1021
559	1167
632	1229
662	1299
704	1336
740	1327
706	1269
678	1224
663	1248
650	1229
634	1157
604	1147
606	1094
604	1009
555	957
571	863
559	850
496	843
464	877
484	862
506	869
504	975
539	981
563	1023
672	1111
668	1216
768	1295
804	1372
860	1559
829	1631
820	1670
893	1724
812	1680
800	1698
843	1608
759	1570
681	1487
656	1510
660	1463
648	1330
659	1221
667	1153
591	1127
538	1143
547	1129
578	1141
577	1149
604	1273
679	1382
777	1498
771	1576
824	1638
912	1756
893	1709
872	1766
884	1749
832	1674
850	1593
829	1607
777	1518
777	1364
744	1251
724	1120
689	1065
602	1051
596	1018
561	1002
567	976
556	946
522	974
571	1015
624	1038
609	1113
661	1234
738	1351
837	1406
873	1489
892	1468
860	1448
894	1434
925	1393
972	1377
1007	1365
991	1205
954	1156
935	1209
902	1160
878	1122
790	1012
844	998
798	995
778	945
740	920
748	946
773	1016
831	1031
931	1068
1063	1178
1120	1275
1208	1399
1323	1429
1237	1395
1281	1368
1289	1407
1207	1449
1243	1450
1179	1380
1132	1274
985	1257
977	1242
918	1199
915	1141
904	1131
827	1086
800	1006
755	944
733	886
734	906
697	943
827	983
870	1015
916	1122
997	1189
1059	1295
1120	1307
1056	1268
993	1243
983	1299
982	1238
979	1113
899	1113
874	1032
753	1028
745	991
748	880
746	774
738	746
750	717
762	711
725	608
711	584
768	557
806	547
845	547
838	606
880	630
894	675
885	794
1035	889
1012	916
956	899
1051	950
1043	918
987	898
1002	909
985	858
829	785
785	745
723	712
622	717
601	689
542	658
519	603
520	543
528	503
558	466
616	450
646	438
686	534
777	600
870	656
896	711
913	740
910	756
929	764
907	748
807	711
791	694
758	652
707	612
670	610
727	636
728	621
605	590
614	570
595	597
551	597
524	568
529	543
495	502
559	496
649	554
713	633
790	717
919	824
930	937
950	979
947	985
971	989
952	1084
980	1043
855	947
838	849
738	833
707	815
722	837
697	865
660	820
666	804
644	775
604	744
581	662
578	648
582	606
595	647
645	638
680	603
716	648
798	742
912	806
923	779
934	779
871	776
863	811
902	741
919	715
907	664
842	610
799	508
758	526
666	501
663	497
644	472
585	450
541	422
539	342
499	389
466	424
429	438
439	434
402	463
467	534
510	592
502	683
562	699
589	655
622	628
678	645
638	680
637	680
574	586
552	610
476	578
457	523
453	491
432	450
402	441
373	445
365	444
368	402
361	410
386	346
416	322
375	359
373	386
407	423
460	420
428	458
488	500
573	529
546	561
560	590
511	521
559	550
513	490
518	477
478	383
551	325
541	318
586	322
602	263
531	329
460	253
480	216
467	221
441	227
507	239
539	225
568	209
613	252
717	302
741	372
747	506
722	420
678	390
693	346
584	363
574	388
678	421
686	389
663	328
699	277
661	305
624	300
576	302
608	286
582	293
531	280
483	283
479	319
491	350
536	317
588	371
673	412
707	511
704	524
817	484
790	523
895	558
905	535
894	521
901	516
915	493
905	524
857	427
756	479
721	484
726	510
743	474
730	449
679	491
659	509
623	474
577	467
562	476
615	542
602	548
691	637
713	733
787	786
828	889
790	806
748	766
774	780
806	763
775	732
753	706
669	610
718	580
671	550
642	504
678	533
644	559
561	504
562	456
515	457
514	470
481	466
485	482
475	470
571	494
616	467
624	510
666	615
719	634
710	611
791	601
809	592
767	582
778	568
702	530
661	538
628	530
610	509
581	512
560	484
548	496
554	403
537	403
523	349
572	371
652	394
688	434
710	396
792	420
781	448
798	392
798	496
942	547
895	591
866	540
826	552
828	579
836	531
858	580
787	583
758	537
719	472
719	458
645	396
608	454
601	420
621	411
631	391
631	426
618	451
597	481
632	535
718	621
740	637
792	625
945	704
944	726
962	728
993	716
1023	706
952	631
927	616
935	614
838	575
811	543
716	564
632	529
617	455
643	372
620	376
615	368
595	355
593	348
609	386
643	377
671	412
718	489
737	566
768	517
812	525
792	550
839	569
805	639
803	663
716	630
788	678
763	683
678	655
634	678
571	622
599	547
623	495
585	418
589	375
548	401
524	388
520	401
559	436
557	397
565	375
658	391
678	423
761	518
891	543
990	578
1060	626
964	598
1010	561
970	522
1017	460
1009	461
894	391
801	422
736	424
677	363
575	396
599	374
525	366
519	381
505	376
489	351
481	343
426	399
496	429
545	496
566	520
624	550
578	606
641	736
586	731
663	748
661	675
632	596
617	629
651	657
635	614
598	620
557	637
535	587
544	555
591	574
583	574
567	585
534	618
523	600
537	595
565	616
646	655
751	677
786	772
813	796
894	764
897	847
860	793
819	743
835	812
772	810
764	746
780	716
795	641
723	613
646	624
724	688
693	674
600	668
606	656
549	679
502	640
492	650
520	708
569	725
627	738
696	789
736	840
845	906
919	971
989	1062
865	1046
822	964
837	923
861	874
820	893
779	824
654	781
665	734
625	718
600	697
582	669
500	667
462	603
461	580
442	578
450	593
514	558
519	596
561	582
587	625
610	693
618	691
719	766
745	778
748	859
752	813
750	875
770	896
741	855
783	849
845	820
769	749
720	744
683	708
696	676
627	710
662	665
664	587
601	570
632	519
568	572
607	613
642	660
734	746
828	761
870	877
955	913
1055	1090
1111	1145
1035	1131
958	1080
909	1014
865	939
773	1010
737	994
692	819
647	825
543	787
526	790
480	798
460	715
433	683
401	684
362	677
398	651
414	648
430	667
486	639
527	750
572	851
699	845
655	892
616	857
622	751
657	849
647	796
650	800
598	861
530	825
540	846
461	858
464	778
393	713
327	723
309	758
348	691
333	676
385	614
369	600
416	625
470	619
515	694
483	760
500	766
506	721
515	783
545	728
566	842
635	879
623	909
580	898
539	890
526	886
479	892
428	923
408	916
412	863
356	854
361	815
369	773
342	643
345	595
383	550
329	534
355	574
403	607
466	680
498	792
556	776
619	840
615	910
609	858
571	918
517	888
532	840
527	817
563	773
396	771
411	756
411	757
331	776
287	696
277	693
316	658
322	631
398	625
396	597
425	624
427	661
447	604
529	674
535	770
542	843
675	934
654	916
668	925
733	1003
738	961
745	948
750	958
726	904
621	803
614	800
585	777
558	699
518	619
482	640
450	589
419	562
434	535
487	558
489	568
514	582
520	566
539	562
594	609
561	641
608	540
589	567
529	570
530	622
490	671
478	633
445	598
461	563
458	492
474	465
447	452
413	438
400	430
401	370
366	325
373	300
360	344
428	387
464	385
515	405
508	463
597	455
724	500
737	531
709	563
697	609
689	539
650	517
587	551
578	498
519	465
512	385
489	387
436	353
466	285
449	284
417	290
363	264
403	278
415	295
427	267
457	236
495	291
562	329
514	388
606	412
612	498
648	548
696	566
735	669
688	719
600	707
649	702
611	712
586	693
626	705
600	673
587	696
558	632
509	585
482	593
443	562
428	579
453	547
412	531
449	512
481	564
521	608
588	671
664	735
729	869
783	874
784	897
885	902
894	914
843	897
851	874
748	866
782	750
809	799
727	757
741	701
686	615
648	595
600	556
557	569
557	570
532	581
482	601
473	683
492	697
555	693
599	736
713	782
731	872
831	819
965	841
917	898
970	867
1059	873
1077	811
1100	779
1178	740
1055	693
1079	680
1009	670
952	655
864	631
724	607
728	573
686	553
697	535
683	556
690	529
750	563
822	631
865	668
893	764
978	890
1086	979
1068	1039
1095	1061
1015	1016
907	971
944	886
964	921
888	885
894	837
869	815
808	791
770	787
709	735
601	715
539	619
508	598
532	595
530	597
471	578
515	600
539	635
583	609
550	673
635	762
693	836
755	892
743	895
760	892
733	824
751	778
686	838
620	770
482	702
456	634
451	575
477	561
481	470
447	456
456	422
464	384
473	389
515	401
500	419
564	407
631	465
649	529
698	622
778	705
890	735
905	687
938	700
957	694
1030	714
992	703
931	749
880	752
878	771
821	727
752	715
696	644
553	637
496	625
456	617
496	524
453	509
430	488
427	500
476	500
520	468
595	573
719	650
801	725
958	663
1015	672
990	631
989	610
970	625
909	628
963	578
973	605
944	522
877	550
786	560
747	561
707	558
690	526
615	503
571	469
533	469
591	451
591	461
660	540
711	600
729	653
860	719
881	779
986	875
1036	967
1053	1005
1033	965
1046	1011
980	1029
891	1025
875	972
946	939
966	859
895	745
858	674
853	618
792	630
732	580
689	583
658	537
623	482
589	490
591	513
616	539
687	590
766	603
822	653
844	701
879	783
894	796
843	717
852	787
798	766
872	735
809	771
733	692
670	594
663	576
593	503
552	493
528	464
511	445
524	395
485	397
517	392
535	426
555	407
557	440
574	445
676	469
780	489
815	478
816	567
810	581
764	548
758	526
738	560
676	566
696	533
762	527
695	472
673	451
675	436
652	416
634	383
605	361
536	334
516	321
527	348
495	330
568	313
623	331
662	350
726	351
813	357
869	360
989	400
1008	480
1006	430
1044	429
1077	423
1019	437
977	398
875	420
804	476
812	478
758	494
715	546
634	515
567	567
497	553
474	504
455	494
474	499
496	529
517	471
624	462
675	522
771	598
850	614
871	619
888	611
850	579
769	622
774	595
785	599
771	585
767	598
666	582
597	576
574	555
544	592
494	539
506	490
539	481
546	435
532	462
480	446
518	475
577	523
605	490
604	634
624	741
791	702
821	814
877	791
910	706
952	743
916	704
815	712
758	697
737	659
732	600
681	532
746	568
697	533
695	549
670	511
638	483
586	446
598	476
639	529
703	559
709	603
757	599
812	643
924	633
996	715
1012	594
889	601
898	598
860	650
804	574
861	544
887	583
868	577
871	532
870	557
806	502
714	497
645	441
698	490
700	472
713	468
706	469
775	453
790	489
831	482
894	511
940	575
983	640
1154	643
1259	691
1336	643
1274	715
1237	741
1135	764
1143	759
1084	687
926	656
860	673
833	663
751	645
715	668
658	581
643	600
599	580
623	601
633	593
612	635
668	663
697	669
783	754
850	874
916	982
1014	962
1109	1026
1149	1089
1149	1145
1199	1234
1130	1183
1030	1188
993	1228
868	1133
849	1131
835	1072
829	1012
880	993
809	957
755	910
742	912
729	922
753	882
756	888
743	908
809	916
855	970
978	1074
1153	1194
1186	1292
1223	1353
1207	1404
1197	1462
1117	1524
1033	1477
981	1545
988	1480
881	1408
848	1275
796	1216
717	1131
707	1115
605	1033
546	1046
564	1039
537	1011
529	1064
568	1070
631	1141
668	1202
689	1279
723	1361
819	1466
971	1530
1031	1615
1124	1597
1156	1524
1149	1509
1106	1540
1054	1462
962	1364
863	1310
732	1237
732	1210
741	1131
712	1157
686	1101
684	1021
631	981
570	974
579	902
551	899
573	928
651	919
721	939
753	998
810	1070
843	1144
864	1214
856	1250
888	1320
924	1305
916	1227
900	1216
908	1162
847	1088
767	1025
704	956
682	880
630	855
629	852
580	822
590	788
638	788
656	829
612	880
641	888
669	931
652	980
726	1008
896	1120
942	1193
993	1275
963	1267
1003	1299
929	1304
834	1353
808	1310
769	1266
779	1234
708	1159
634	1091
564	1024
496	987
556	909
576	895
585	879
559	877
516	900
508	893
502	961
526	992
489	1166
549	1243
619	1338
649	1429
641	1536
697	1512
620	1576
613	1591
543	1558
575	1550
568	1474
548	1415
463	1327
460	1283
527	1252
540	1172
547	1067
514	967
466	876
464	851
444	893
486	891
513	883
538	971
615	1019
641	1093
629	1186
698	1312
760	1423
856	1493
795	1451
764	1425
736	1318
755	1359
710	1414
630	1334
630	1237
579	1233
567	1155
556	1043
537	1007
493	901
499	857
512	891
509	881
458	858
493	867
516	886
596	882
603	990
708	1081
756	1163
791	1173
771	1104
769	1129
806	1175
825	1135
784	1155
735	1093
731	1035
735	1010
684	967
656	851
605	849
598	809
566	719
586	679
572	756
590	811
585	836
608	897
631	842
586	889
643	1044
672	1075
693	1252
770	1473
705	1444
642	1521
720	1566
719	1468
721	1490
675	1358
674	1246
524	1171
465	1174
421	1076
402	991
365	982
384	889
382	858
341	805
337	850
373	859
314	902
323	908
381	973
439	1053
472	1197
505	1240
525	1305
483	1220
515	1305
486	1350
546	1347
588	1378
631	1309
611	1213
582	1129
602	1160
603	1106
517	1020
518	1002
452	941
449	913
452	887
399	877
418	915
441	1028
513	1077
576	1174
616	1203
709	1339
726	1434
727	1503
758	1470
752	1536
767	1552
792	1479
780	1375
773	1341
740	1216
779	1141
761	1094
764	1038
777	1025
780	994
736	930
776	897
704	903
700	875
713	915
745	941
799	993
864	1048
965	1123
1035	1180
1100	1267
1145	1395
1186	1471
1157	1511
1179	1585
1137	1481
1093	1430
1074	1314
956	1202
956	1123
899	1033
820	1018
798	966
806	883
835	835
780	846
751	779
748	725
736	697
794	740
830	768
778	851
858	825
969	871
1117	977
1232	1000
1288	1050
1182	1086
1166	1095
1097	992
1034	999
998	902
841	861
746	849
706	769
699	680
651	645
607	625
582	607
607	548
606	579
577	520
590	511
638	535
640	605
657	651
635	789
754	743
797	842
948	953
925	945
916	1060
942	1066
863	1026
824	982
793	945
741	908
684	911
674	867
617	817
557	784
507	720
532	700
462	628
472	554
454	565
513	553
462	585
499	635
485	617
561	748
618	839
686	868
698	955
679	955
680	944
659	1060
638	993
654	939
652	883
576	900
524	859
537	896
495	806
487	762
398	724
401	711
407	691
368	697
335	655
359	669
359	667
393	664
467	623
506	673
601	698
684	707
856	802
906	786
893	769
822	824
737	785
691	776
691	774
649	770
577	774
456	707
451	651
406	620
433	575
378	537
363	525
308	517
297	505
271	521
323	563
360	619
399	689
457	712
463	831
507	862
510	996
488	922
414	963
503	950
503	978
474	971
470	881
463	917
480	836
439	814
445	803
458	804
386	758
369	688
395	701
404	680
400	713
453	721
466	752
478	835
467	929
485	1037
526	1083
592	1214
659	1221
679	1169
681	1144
666	1144
687	1001
671	930
666	815
641	792
607	691
627	709
618	711
673	724
589	662
566	604
573	548
621	528
607	527
612	552
605	584
622	609
665	636
709	721
753	859
752	867
798	893
777	870
838	824
780	907
775	808
759	779
772	801
741	777
692	735
720	705
733	653
707	550
686	549
596	517
545	477
539	495
507	461
525	432
556	482
591	461
607	521
609	554
624	608
665	722
704	802
711	779
701	771
713	758
683	736
710	701
668	597
568	534
498	486
522	474
489	473
521	441
504	439
424	443
438	434
362	399
380	352
394	327
467	304
526	361
496	436
545	521
584	520
682	479
720	550
739	587
763	561
790	552
724	522
662	485
669	406
726	384
675	342
645	368
638	339
647	278
569	277
574	196
523	220
494	227
497	228
460	252
503	297
542	317
567	296
604	304
677	354
748	414
927	460
892	471
766	489
763	544
691	514
649	541
629	568
549	452
596	427
609	399
530	432
486	390
440	399
359	384
386	393
388	352
398	345
373	369
349	403
393	464
435	483
467	457
478	519
518	592
518	630
441	590
476	566
451	616
451	620
469	647
486	596
441	588
448	533
373	584
363	587
331	559
341	505
356	427
338	469
359	492
397	469
449	465
503	491
501	506
592	502
675	469
726	549
763	575
854	621
950	644
966	667
1028	697
1051	616
1055	555
1024	563
1019	504
952	453
907	441
844	426
723	357
714	373
668	342
617	317
548	309
564	287
585	271
694	287
810	311
846	317
918	341
998	379
1141	445
1140	360
1163	466
1140	444
1230	465
1155	454
1163	494
1148	392
1119	403
1088	439
991	466
1003	472
960	457
903	384
906	379
853	403
838	405
851	383
889	423
905	434
918	410
1043	457
1139	460
1154	481
1246	544
1337	634
1307	710
1278	649
1402	674
1282	571
1215	596
1199	597
1064	598
1022	560
1000	538
907	491
884	393
878	396
781	320
741	269
678	238
662	235
671	241
674	230
712	236
748	266
801	309
785	304
859	369
928	399
1006	397
1000	396
1047	471
1084	479
1005	467
1021	419
999	388
939	383
833	423
793	378
758	394
665	379
688	335
691	335
719	298
694	304
648	316
698	336
717	346
811	383
842	371
962	468
1031	542
1110	644
1114	625
1113	577
1112	639
1149	628
1137	637
1042	575
984	569
980	584
965	587
938	564
907	512
860	477
750	508
755	490
732	485
748	506
771	470
850	471
845	430
993	515
1044	530
1074	484
1127	550
1218	612
1228	700
1234	680
1218	693
1142	673
1113	668
1084	684
1052	667
1035	650
908	670
867	595
777	673
680	618
579	572
585	552
561	572
574	540
569	524
563	493
647	553
697	559
801	578
944	584
1027	562
1130	616
1154	632
1097	610
1163	634
1173	670
1210	606
1249	567
1250	513
1224	471
1193	459
1154	419
1141	443
1086	390
1012	396
1038	345
966	368
922	355
916	348
934	396
948	427
1044	453
1161	466
1227	491
1371	518
1402	538
1342	561
1272	565
1312	598
1350	546
1288	568
1205	620
1115	592
1047	540
966	536
956	514
852	531
772	490
732	439
681	443
682	425
638	452
692	460
666	454
727	446
819	428
884	493
889	521
974	562
1013	621
1016	649
1016	584
1169	576
1157	561
1106	504
1048	525
1007	490
963	489
913	509
817	524
739	568
710	540
715	520
715	459
747	484
748	469
695	461
669	533
693	578
707	613
731	746
848	793
865	868
892	870
879	890
896	902
919	972
861	928
833	984
721	956
667	909
607	850
633	813
567	789
564	767
559	759
531	728
557	696
505	649
491	683
531	747
488	795
507	919
616	947
683	1037
735	1177
821	1277
863	1247
870	1268
898	1238
868	1235
837	1132
865	1029
849	1009
834	921
804	881
728	867
723	829
647	855
604	831
595	784
601	762
580	766
565	748
563	734
571	782
594	858
666	901
739	930
829	1040
976	1067
1017	1021
1009	992
1000	911
1068	868
1033	789
964	740
946	741
826	686
765	636
688	597
605	509
598	511
550	462
560	408
551	434
502	381
444	358
479	372
503	401
550	424
565	425
585	427
630	507
743	540
758	602
768	560
725	572
667	569
568	569
579	535
571	515
535	494
562	524
543	507
498	504
453	473
395	463
352	464
320	426
303	421
303	402
309	438
356	499
375	493
405	532
488	627
560	725
578	820
563	870
587	890
605	925
607	1013
616	962
641	964
707	930
634	941
603	881
608	795
535	730
472	678
390	595
350	564
324	559
323	556
364	547
352	559
433	614
460	621
455	629
495	661
521	710
515	778
611	943
682	1011
675	895
713	990
770	940
761	884
764	859
641	816
581	813
538	796
551	810
533	817
566	743
539	706
516	650
512	650
514	596
581	534
564	610
645	661
614	664
596	648
612	706
688	832
745	811
689	842
734	801
732	780
705	787
674	784
633	716
554	682
512	683
505	673
455	649
417	657
393	681
383	669
415	640
418	702
425	697
415	656
433	684
483	744
497	828
504	888
557	952
590	1026
698	1091
727	1074
745	1020
794	1030
779	961
834	932
816	947
694	894
587	841
515	794
570	813
580	742
545	763
514	746
516	689
455	668
438	646
419	637
390	669
436	671
423	805
468	903
516	992
532	1002
620	1031
592	993
611	1005
604	973
606	926
627	980
656	927
597	897
616	894
625	891
585	862
542	770
535	742
528	699
512	664
494	609
504	577
457	610
436	607
456	632
521	739
522	747
585	795
651	857
613	875
613	805
508	833
490	861
447	780
361	797
390	784
356	717
333	681
343	605
302	586
300	461
285	393
262	346
307	338
289	328
300	303
324	353
360	357
337	367
347	404
366	465
363	568
437	679
446	805
416	833
446	784
485	785
410	848
385	778
398	705
359	666
352	671
288	649
282	631
241	567
241	493
224	483
224	529
205	511
222	515
252	520
285	484
327	494
408	498
424	486
445	505
439	522
514	563
537	572
519	549
532	583
533	531
529	570
601	553
597	506
516	441
519	445
530	389
501	329
493	341
521	323
488	306
435	317
428	301
413	319
418	323
486	384
500	418
521	498
567	549
541	595
500	715
461	709
460	756
458	731
342	798
393	748
428	755
434	678
464	670
444	636
446	656
458	543
449	509
396	517
391	482
383	484
392	465
368	437
362	461
412	454
391	460
442	489
440	562
432	655
493	757
503	826
499	821
544	840
521	902
565	972
556	937
545	886
490	844
513	754
474	691
448	645
435	612
413	633
416	640
379	643
354	680
355	665
341	714
368	797
388	869
390	1041
394	1145
435	1235
461	1337
484	1377
501	1330
520	1322
593	1308
692	1269
660	1201
641	1178
633	1070
609	955
625	845
646	807
633	756
595	756
556	733
523	713
524	708
536	720
592	792
646	907
706	1015
738	1154
796	1268
877	1311
981	1389
864	1332
928	1343
1001	1224
1027	1176
971	1097
935	1074
931	1017
892	1003
818	996
822	969
788	940
743	894
723	849
764	843
760	843
809	828
821	883
882	927
899	1025
951	1092
1058	1140
998	1189
1041	1259
1187	1264
1147	1270
1083	1307
1077	1304
987	1283
919	1328
865	1322
790	1260
720	1150
688	1021
641	950
591	861
533	830
546	833
552	805
541	794
496	796
506	805
609	903
633	922
649	968
736	1026
849	1060
773	1159
857	1254
865	1239
930	1198
938	1210
960	1229
901	1300
884	1214
864	1153
808	1098
792	1106
712	1002
632	927
571	873
545	792
577	727
566	698
573	643
555	618
569	610
680	637
714	687
713	757
842	821
1015	892
1075	902
1075	942
1114	983
1040	1003
1019	952
1027	930
1018	878
958	816
949	749
960	798
952	814
941	720
904	687
857	644
820	649
745	646
736	671
754	687
743	669
726	718
786	763
878	815
956	921
936	960
994	1034
979	1108
1063	1061
1101	1101
1073	1099
1096	1074
1011	932
1036	799
931	831
953	767
951	742
910	667
816	590
813	582
813	541
768	503
740	480
719	458
726	464
747	441
851	472
964	541
1065	624
1132	670
1127	778
1131	793
1084	712
1135	741
1084	758
1052	680
1078	708
1015	691
937	583
940	571
901	529
902	413
883	396
789	386
765	363
706	387
693	345
722	331
731	295
764	281
812	264
886	296
926	346
992	355
1086	436
1126	469
1109	439
1130	401
1112	413
1089	365
1073	344
1014	335
827	317
823	301
791	353
733	402
703	393
639	401
641	390
623	342
635	343
561	355
596	357
625	369
655	399
761	444
828	485
913	427
932	481
901	485
863	442
852	379
825	358
833	382
795	416
690	485
659	552
575	538
603	536
581	520
577	451
564	391
567	384
526	386
548	407
589	416
647	449
665	464
720	488
797	504
813	485
813	464
853	451
836	440
792	478
786	490
759	442
730	400
718	373
759	306
756	251
691	207
633	219
653	222
624	208
616	242
577	243
582	264
622	278
637	307
677	315
761	334
836	360
945	438
1048	452
1104	504
1315	562
1312	606
1339	573
1398	595
1459	641
1445	657
1406	654
1372	577
1292	592
1295	607
1189	552
1101	494
1009	455
1006	431
989	412
899	425
903	427
877	390
882	451
870	465
919	547
942	637
957	750
1013	819
1067	947
958	1026
965	1072
1054	1036
965	915
992	938
827	943
799	936
731	856
777	786
840	763
810	694
720	646
687	628
686	653
690	651
703	637
756	605
796	704
777	724
824	741
912	851
964	961
1000	1047
1108	1162
1131	1033
1186	1072
1191	1029
1132	1012
1019	975
1075	978
1021	891
938	862
891	884
919	747
884	750
894	727
811	667
820	673
794	681
786	669
767	617
807	611
837	669
839	693
922	772
997	801
981	961
1128	920
1144	991
1202	1035
1227	1003
1278	955
1080	877
1027	860
954	727
926	673
943	602
895	570
897	563
866	522
871	495
851	545
851	536
859	539
845	595
926	636
965	689
1013	712
1046	791
1102	856
1177	910
1242	852
1258	827
1263	931
1248	949
1142	908
1059	812
1077	792
1012	812
981	847
979	881
942	901
887	776
852	757
853	755
739	722
732	721
723	689
754	696
753	743
766	829
776	825
817	823
890	860
963	907
1025	1001
1068	1038
973	1043
1102	1108
1108	1038
1131	1002
1105	976
1026	912
889	841
880	810
842	759
838	713
785	684
765	620
778	622
686	585
715	554
722	586
806	662
813	668
922	689
1006	777
1124	917
1197	977
1257	974
1262	976
1248	1009
1208	1119
1210	1054
1197	1067
1133	1053
1031	1011
958	886
909	807
898	802
840	739
764	745
717	765
705	788
656	768
686	759
676	734
667	762
748	794
833	840
914	871
941	938
954	923
1056	917
1098	916
1094	944
1119	950
1064	923
1026	910
976	900
865	903
776	977
763	974
753	840
774	775
721	729
656	682
584	670
552	668
541	669
567	658
593	688
580	766
638	824
629	880
668	956
682	1058
758	1085
800	1120
769	1077
746	1122
745	1104
806	1073
785	970
817	993
740	901
731	935
692	899
687	839
730	792
686	782
632	774
561	753
578	774
573	768
641	840
641	821
704	903
858	954
1025	1025
1011	1081
1060	1204
1014	1220
1013	1156
985	1220
995	1127
991	1047
934	981
926	914
840	852
850	842
834	847
750	793
655	701
699	670
687	637
675	606
702	611
723	600
784	605
865	610
917	671
1003	787
1050	731
1157	750
1252	874
1227	872
1165	827
1246	843
1256	807
1196	834
1172	839
1139	772
1092	703
1004	681
1002	649
916	584
891	517
883	482
882	456
854	459
795	436
782	446
794	487
860	507
970	560
1030	619
1160	676
1270	703
1330	772
1199	827
1228	813
1203	844
1082	838
1083	883
1088	835
1055	773
1038	678
1011	659
987	613
971	635
920	622
897	612
889	549
883	482
872	477
914	551
948	535
1038	589
1125	555
1238	637
1428	718
1539	835
1644	867
1654	852
1646	846
1635	929
1612	879
1587	858
1486	831
1366	781
1313	716
1276	708
1192	559
1165	480
1055	463
995	463
913	477
865	492
837	515
856	553
910	583
944	565
979	613
1067	630
1066	621
1143	733
1160	882
1165	840
1213	840
1205	769
1148	760
1139	781
1043	777
955	722
853	651
748	603
787	542
736	525
705	501
705	512
665	463
626	420
660	387
665	419
671	486
712	534
738	551
777	642
870	683
903	721
1012	764
1003	809
967	929
1016	878
989	838
1033	774
1017	722
909	701
830	684
727	668
706	629
687	544
686	479
610	495
606	495
577	540
599	518
630	543
581	601
656	656
833	662
776	744
804	853
819	904
863	962
749	961
773	939
766	975
703	1003
746	1000
790	1011
712	976
629	928
594	897
578	869
574	867
518	809
544	765
494	767
473	670
501	680
528	690
577	700
680	778
749	804
803	859
923	935
1066	916
1142	990
1217	974
1257	964
1289	977
1226	911
1206	909
1233	901
1118	855
1009	826
943	828
868	801
851	783
784	741
735	711
684	698
652	663
662	671
695	713
730	761
804	853
897	886
1009	923
1122	1098
1233	1125
1352	1264
1380	1388
1344	1428
1285	1492
1237	1439
1222	1522
1086	1448
1013	1348
954	1322
916	1211
840	1157
752	1090
745	1099
684	1054
669	1021
652	980
629	980
634	986
651	1033
697	1074
775	1059
860	1144
912	1222
931	1317
934	1340
873	1349
910	1275
922	1285
921	1312
894	1299
857	1282
826	1185
767	1100
675	1059
554	1058
538	969
530	910
482	885
442	874
454	843
489	824
488	822
512	836
574	868
589	962
692	1053
730	1122
812	1227
878	1248
913	1181
924	1163
903	1136
931	1067
980	1063
943	1038
929	1006
890	898
851	864
802	802
744	786
771	795
638	789
600	736
609	654
598	646
624	646
650	668
744	671
724	661
823	777
951	809
992	932
1138	905
1197	905
1199	959
1197	994
1180	894
1162	835
1139	804
1018	776
947	666
930	616
865	599
791	594
790	558
790	524
760	528
780	508
777	530
792	560
832	606
889	607
946	616
996	657
1078	757
1079	835
1077	808
1030	806
1056	884
1026	894
1013	847
1002	842
909	859
889	794
885	707
886	637
911	650
942	640
910	554
862	537
888	523
848	467
850	477
860	531
879	528
913	534
973	491
1049	607
1160	591
1284	651
1371	653
1431	652
1466	793
1514	810
1488	822
1572	804
1514	670
1489	633
1410	612
1399	590
1285	581
1175	586
1138	586
1078	577
1040	557
988	468
968	456
990	497
1035	534
1070	660
1197	723
1341	852
1422	945
1638	887
1781	1005
1705	974
1749	983
1738	1059
1542	1093
1459	1026
1403	974
1334	955
1276	870
1232	843
1229	861
1190	819
1153	808
1074	745
1059	686
1050	643
1038	580
1081	614
1106	649
1122	687
1207	721
1322	809
1451	910
1571	887
1615	944
1645	933
1701	1037
1770	995
1672	879
1555	955
1547	950
1456	886
1409	821
1396	771
1368	684
1303	634
1216	585
1158	575
1122	529
1087	520
1087	508
1125	567
1140	599
1149	640
1219	715
1295	783
1390	853
1536	869
1454	905
1442	932
1499	898
1595	963
1501	979
1489	961
1469	880
1407	873
1353	818
1318	833
1236	742
1165	676
1106	703
1070	699
1067	676
1031	624
1037	633
1062	611
1105	618
1194	597
1266	570
1405	498
1506	529
1611	629
1741	692
1678	702
1633	770
1586	887
1503	888
1465	945
1410	929
1311	860
1262	860
1233	797
1154	780
1071	762
1049	754
1029	754
987	762
927	759
905	781
907	827
899	828
923	857
974	879
1020	959
1087	1047
1206	1164
1264	1185
1219	1086
1295	1110
1365	1175
1236	1092
1195	1116
1140	1026
1019	962
996	897
919	892
873	803
825	796
662	786
606	771
610	702
605	640
627	609
667	623
706	636
725	619
781	631
838	801
929	922
1015	1036
1131	1060
1089	988
1113	1017
1123	971
1072	960
1067	969
1019	964
915	848
884	782
879	747
817	685
744	644
698	665
710	645
638	649
656	642
650	666
653	636
663	679
684	705
690	764
789	787
845	873
872	974
785	1029
692	1043
638	949
577	1003
607	927
553	914
506	844
479	809
425	721
359	654
408	721
366	684
328	651
360	615
376	603
387	615
393	618
415	625
448	637
510	650
570	654
604	738
647	733
681	671
716	692
675	667
721	657
728	623
775	498
788	462
825	439
789	444
762	449
708	460
696	477
701	426
706	422
677	428
689	383
683	320
681	370
668	399
655	428
645	439
695	417
731	506
786	530
808	637
806	723
717	606
602	616
610	665
545	627
538	571
553	539
505	504
491	463
483	471
480	446
440	392
477	394
413	359
391	355
321	345
347	365
374	398
416	424
451	438
510	466
523	560
545	613
635	733
700	746
610	754
567	768
481	744
486	674
515	699
488	663
450	605
445	559
421	537
426	498
448	506
452	477
478	446
459	426
442	413
452	446
479	447
492	477
513	481
512	523
534	595
586	633
633	688
621	635
651	591
666	699
604	726
606	669
550	656
588	685
563	617
533	609
483	524
442	521
394	418
402	399
338	387
299	396
260	403
256	404
228	440
232	422
222	470
224	492
251	504
249	522
237	537
289	532
346	564
321	538
345	532
312	545
279	563
220	562
219	577
209	493
199	500
193	515
186	519
197	506
217	439
221	441
214	482
194	477
184	427
187	488
233	541
290	514
300	554
352	582
387	621
430	687
414	690
423	633
419	679
429	640
425	645
381	676
374	669
342	544
360	492
341	463
345	430
360	451
379	411
362	390
373	329
405	323
406	332
476	359
482	404
498	410
573	446
628	515
755	521
768	549
831	541
790	558
807	518
802	538
783	477
774	437
742	380
703	377
719	351
715	359
657	354
665	342
652	355
593	335
557	325
574	276
632	306
633	309
675	312
697	336
791	347
778	406
835	511
848	549
965	504
955	548
1032	528
923	552
962	583
835	572
806	480
759	445
670	444
640	487
655	471
642	435
636	352
598	307
599	323
563	313
520	323
538	373
601	393
747	401
811	426
903	448
962	508
1131	657
1112	613
1047	665
1111	767
1087	746
1030	768
1043	740
926	787
962	734
840	645
808	639
769	665
745	648
724	646
698	631
675	559
647	494
693	505
721	519
761	542
863	592
929	676
1009	695
1081	820
1116	857
1063	934
1149	967
1128	975
1020	909
1005	783
952	793
901	752
833	702
801	694
760	636
783	599
776	575
662	552
648	545
610	564
609	597
656	657
697	643
758	608
788	685
877	699
929	719
1056	767
1158	800
1274	720
1287	740
1213	780
1172	748
1198	781
1118	784
1072	751
1008	715
968	639
901	568
846	502
825	491
805	453
786	381
768	365
776	381
771	351
750	417
785	434
783	434
834	449
835	526
949	630
872	713
862	689
872	643
900	670
846	648
831	594
836	474
805	437
772	457
701	427
622	389
568	362
568	415
524	414
557	407
539	374
495	343
507	331
502	315
511	358
516	321
559	359
554	377
619	402
669	382
644	414
633	472
582	533
618	545
647	555
634	512
587	484
559	484
502	453
493	405
438	361
404	396
364	415
419	372
412	346
422	378
448	414
390	479
471	505
471	544
525	586
534	657
549	713
575	738
438	745
497	711
485	764
515	686
570	693
568	638
498	670
508	580
492	574
431	559
439	537
364	479
380	440
370	419
332	373
372	386
373	385
365	404
358	403
375	452
421	479
526	550
591	587
695	628
764	639
749	768
916	764
884	766
830	697
757	637
680	645
684	599
696	615
635	643
599	602
597	572
591	615
577	557
599	519
599	483
555	471
563	463
591	506
595	533
673	612
784	718
814	754
846	733
869	714
797	725
884	715
877	657
851	630
815	608
842	561
770	503
742	515
654	564
666	588
668	547
671	492
641	552
635	532
666	551
648	624
707	773
734	836
811	918
889	968
991	1041
1101	1175
1281	1149
1288	1114
1301	1053
1285	1022
1223	934
1266	905
1209	876
1173	846
1053	820
1023	812
935	776
936	672
865	623
833	577
818	595
751	628
730	646
741	649
713	680
769	680
840	687
878	697
985	781
1093	898
1126	869
1122	867
1198	951
1262	986
1210	946
1260	900
1188	835
1178	790
1181	700
1194	698
1172	696
1179	667
1100	601
1001	579
969	531
906	470
917	461
916	435
950	440
962	485
1050	534
1128	640
1236	702
1281	749
1415	749
1443	806
1508	817
1580	850
1597	769
1571	788
1556	669
1537	664
1458	661
1404	623
1363	645
1333	596
1320	610
1241	598
1218	578
1215	537
1210	569
1211	622
1254	668
1305	665
1327	706
1402	745
1545	772
1618	925
1671	913
1692	845
1699	866
1705	902
1603	831
1542	805
1489	795
1356	678
1194	691
1176	620
1121	569
1054	520
1034	523
996	558
927	552
903	541
917	517
948	492
1013	501
1068	512
1136	494
1268	486
1355	545
1431	546
1530	589
1446	562
1381	567
1342	647
1281	687
1349	635
1376	647
1241	587
1164	597
1138	603
1087	601
985	617
883	564
860	537
866	497
872	503
834	503
873	489
925	514
909	569
963	567
1055	610
1127	584
1058	570
1122	635
1050	550
1064	576
1063	570
1087	535
1089	596
1087	617
992	618
895	495
775	461
703	427
620	487
575	508
575	514
533	452
576	443
613	432
613	397
597	406
608	438
655	458
746	506
768	534
751	542
770	564
815	574
775	550
844	578
815	589
740	612
701	587
683	571
643	589
563	564
535	556
514	480
510	521
439	460
442	423
470	484
448	497
497	552
518	515
528	535
564	572
657	665
660	704
737	785
808	830
786	847
801	857
764	950
729	946
638	889
605	782
504	711
525	667
504	628
544	617
558	643
483	574
495	574
466	546
465	508
485	551
467	546
487	531
514	521
537	514
569	582
706	651
730	669
783	663
780	650
770	698
771	668
801	700
842	696
788	672
673	633
597	579
573	573
586	561
519	605
532	584
491	607
469	553
423	495
425	490
390	467
404	422
413	470
393	483
488	518
502	511
549	513
569	550
605	536
676	591
710	641
660	710
665	677
607	647
623	596
566	662
533	693
443	639
393	543
433	498
393	476
375	482
343	491
335	483
291	515
327	541
352	547
359	550
425	619
466	684
459	779
473	756
496	762
451	777
487	749
537	735
534	819
463	778
422	684
415	615
400	572
346	587
324	586
286	547
294	480
310	475
272	442
267	443
314	433
333	480
362	518
379	510
403	549
436	608
506	695
582	643
586	643
601	672
640	645
628	557
660	605
660	564
642	526
567	495
598	442
495	399
472	360
428	347
404	342
408	370
345	345
351	430
401	439
404	433
423	424
477	475
571	492
634	553
696	508
732	569
740	620
707	599
773	632
770	592
790	558
736	525
699	503
645	441
613	430
614	458
582	514
630	505
559	532
532	536
487	499
556	486
547	476
552	489
550	503
576	571
632	579
705	669
707	736
761	724
830	744
759	695
728	779
693	796
672	663
753	623
787	637
753	576
688	579
690	602
754	585
758	522
782	506
686	499
677	536
693	585
702	558
749	611
790	595
839	621
946	690
1012	715
1086	788
1036	820
914	757
876	696
910	705
887	751
884	765
781	710
887	695
926	660
897	697
856	675
823	611
801	589
769	531
701	496
649	534
658	528
682	530
679	553
671	574
714	652
807	737
828	704
833	682
837	826
837	802
772	828
811	913
785	947
785	925
662	919
626	925
685	894
690	848
651	869
575	864
520	800
485	730
411	713
410	712
438	738
479	773
531	814
509	773
524	799
577	909
654	939
704	946
751	1008
714	961
726	868
745	890
711	926
670	879
658	885
609	901
608	945
604	920
602	864
611	787
588	788
563	804
544	758
523	770
531	788
527	861
549	902
537	968
581	1049
659	1147
712	1197
794	1178
916	1229
873	1295
895	1252
863	1191
888	1111
875	1104
794	1082
665	1004
547	913
514	885
493	801
483	804
438	850
390	773
361	714
332	684
339	649
301	638
254	691
290	770
270	809
340	919
375	1034
383	1122
477	1182
438	1225
460	1239
407	1231
400	1187
461	1157
411	1096
327	991
277	928
278	858
205	844
160	783
143	747
107	742
129	752
149	725
163	728
199	728
190	820
214	862
221	902
275	954
347	1050
439	1075
478	1030
475	1010
591	979
615	976
555	911
515	955
442	944
438	908
416	925
306	901
265	919
294	787
282	748
262	687
263	674
246	639
265	563
202	521
159	554
190	571
212	656
227	775
256	846
290	897
336	998
328	937
303	972
274	1042
279	1004
212	1000
223	967
241	862
196	836
208	843
152	777
150	731
138	674
156	634
149	663
143	648
131	675
131	722
159	754
165	832
194	844
192	977
224	1015
220	1035
214	1115
207	1115
204	1093
219	1154
232	1219
238	1191
206	1125
227	1039
196	1019
171	1081
197	1039
178	973
159	962
148	812
161	787
196	758
202	775
202	776
233	873
224	964
250	1087
290	1200
342	1332
401	1450
407	1498
417	1452
468	1435
471	1450
492	1427
496	1384
421	1320
379	1241
335	1114
343	1114
319	1042
288	1032
318	1019
326	936
314	862
316	829
304	874
264	958
264	968
333	1039
354	1079
426	1193
489	1198
503	1246
610	1364
616	1299
664	1341
715	1396
646	1341
700	1340
648	1285
619	1183
590	1125
595	1121
587	1073
558	1065
522	1027
495	964
492	924
483	940
480	978
501	960
540	986
571	1047
616	1143
709	1213
849	1311
984	1359
1011	1412
1030	1394
968	1413
973	1364
968	1331
1026	1292
990	1236
1005	1124
949	1097
894	1090
824	1071
758	1018
779	968
724	844
685	821
666	843
651	826
675	858
715	902
776	948
899	1023
991	1145
1078	1209
1139	1328
1218	1494
1187	1442
1292	1512
1359	1579
1356	1582
1373	1613
1279	1487
1192	1400
1067	1307
1021	1222
976	1111
939	1048
919	1000
853	936
910	917
884	891
919	862
940	870
982	837
1052	872
1162	920
1224	965
1376	1084
1474	1180
1593	1300
1566	1229
1514	1233
1554	1294
1486	1371
1433	1388
1421	1333
1421	1266
1368	1215
1263	1170
1258	1098
1170	1076
1114	1041
1066	953
1028	964
1016	949
976	887
982	907
1034	932
1052	930
1113	988
1244	1011
1409	1105
1523	1198
1656	1390
1641	1316
1605	1309
1583	1371
1508	1425
1551	1390
1443	1337
1389	1286
1373	1227
1353	1220
1263	1192
1201	1157
1169	1084
1101	1066
1041	1003
983	942
976	948
983	906
988	947
977	983
1005	1077
1100	1236
1229	1417
1269	1491
1312	1619
1375	1611
1354	1694
1418	1657
1319	1615
1334	1628
1287	1595
1175	1445
1201	1390
1136	1227
1024	1241
984	1106
942	992
968	914
924	853
939	833
931	878
903	977
904	1033
897	1087
968	1203
1047	1305
1132	1369
1161	1463
1117	1509
1234	1534
1303	1480
1354	1485
1282	1503
1375	1430
1290	1355
1130	1279
1129	1224
1053	1159
1027	1109
963	1039
889	988
870	916
810	859
788	863
719	828
744	873
798	910
869	962
963	1043
1119	1099
1241	1118
1327	1218
1403	1277
1401	1311
1299	1276
1274	1296
1177	1260
1093	1219
961	1059
861	1009
855	966
780	947
776	955
786	963
743	957
687	938
636	967
584	1012
541	998
609	1047
636	1086
687	1171
684	1258
725	1404
790	1479
811	1557
882	1632
822	1642
802	1758
761	1789
713	1695
674	1648
723	1581
676	1558
662	1428
683	1404
733	1311
677	1256
584	1162
562	1085
599	1027
611	1029
664	1010
627	983
641	1046
611	1073
646	1101
662	1148
682	1248
744	1330
850	1428
764	1456
839	1470
802	1564
835	1413
857	1412
807	1358
793	1215
728	1103
710	1027
700	982
636	1035
575	1004
576	930
532	936
501	853
454	808
499	865
493	860
511	835
573	918
564	1034
651	1185
678	1242
668	1264
648	1306
602	1253
575	1284
567	1345
584	1278
567	1261
553	1133
565	1027
503	1026
499	1057
438	1012
454	973
491	932
446	865
397	833
393	804
368	787
368	820
435	830
412	854
411	974
455	1122
469	1297
528	1344
488	1256
501	1280
547	1296
524	1212
571	1260
533	1168
536	1131
558	1169
597	1155
556	1046
551	1044
529	981
496	931
439	892
372	899
413	795
442	840
438	870
373	899
433	944
488	1074
511	1178
515	1272
559	1315
503	1238
498	1273
452	1317
437	1166
412	1168
374	1147
310	1098
291	1077
292	967
269	900
287	858
282	758
223	728
247	592
264	592
260	564
280	516
260	501
292	527
320	615
359	640
462	695
517	729
581	728
538	669
626	738
610	700
613	728
564	764
540	726
537	610
533	627
541	580
511	487
452	535
382	532
317	481
299	495
297	415
266	402
254	423
270	397
282	403
259	415
265	485
314	496
398	518
398	595
353	547
378	521
357	597
380	550
436	579
473	543
494	521
454	459
434	418
406	404
425	387
352	327
338	304
352	306
346	303
404	269
343	298
338	296
403	336
430	346
437	435
500	483
524	483
527	476
482	513
489	465
523	454
521	441
528	454
527	384
528	370
552	347
562	361
503	330
439	358
372	348
360	307
374	315
337	302
318	337
346	345
386	366
472	361
516	354
584	397
674	474
732	466
763	524
787	481
722	411
770	433
689	410
608	447
534	513
503	522
503	554
568	488
553	461
552	502
520	480
442	438
419	402
387	432
341	389
405	380
406	381
428	417
382	457
408	473
383	493
405	500
367	459
340	462
372	431
416	400
382	460
375	457
400	421
368	369
315	308
289	297
284	248
277	224
222	204
223	216
213	202
220	205
218	233
224	270
276	262
356	276
360	325
386	381
422	423
441	516
461	578
465	615
502	591
544	653
525	530
567	428
566	390
522	375
500	351
507	298
461	334
484	339
476	355
471	315
448	299
455	301
441	302
418	346
471	343
505	352
487	371
490	364
538	414
591	469
611	483
629	521
625	546
680	500
711	462
693	400
605	371
531	293
467	325
458	305
423	337
393	406
398	383
389	373
387	366
398	379
379	393
442	368
441	427
445	447
420	469
475	551
505	625
593	701
627	718
579	733
570	680
645	755
612	676
624	667
562	735
533	695
579	627
542	596
480	564
520	566
476	589
457	508
464	528
426	548
468	554
417	537
464	569
491	662
574	743
615	826
611	849
664	978
748	998
723	863
739	880
814	814
735	776
758	817
715	887
637	901
666	813
601	787
583	756
546	726
591	729
571	645
598	593
615	662
644	674
552	673
600	656
573	661
592	684
620	700
783	781
868	815
897	945
821	873
843	905
802	947
786	839
751	774
733	746
703	759
682	789
609	756
560	684
572	631
552	583
519	556
434	495
463	467
457	483
491	486
555	483
612	511
731	577
896	592
948	663
920	752
1012	792
1031	806
1069	778
1103	781
1179	676
1102	697
1041	684
1053	669
968	601
880	563
810	531
769	492
730	442
689	416
722	406
727	358
757	365
743	346
764	353
792	368
842	346
837	395
923	491
971	504
1036	561
1060	500
1156	496
1116	496
1023	511
1045	469
926	432
886	449
863	426
876	384
875	362
797	349
794	360
809	319
823	319
751	300
738	342
745	339
736	349
793	433
886	484
1015	503
1144	563
1232	600
1296	668
1291	700
1224	674
1153	741
1116	711
1009	638
905	531
864	439
820	419
791	369
787	342
761	330
698	296
735	284
729	280
742	298
743	313
730	321
738	309
734	267
767	247
822	275
873	281
924	326
1011	303
1052	314
1029	299
1014	229
931	209
836	202
849	253
811	233
752	201
671	226
577	212
590	204
560	186
574	184
571	210
528	212
468	169
478	187
506	229
483	298
520	333
592	370
640	416
611	487
640	484
681	490
613	449
663	506
685	586
706	651
710	667
730	672
696	624
657	540
622	561
554	528
528	468
526	447
529	463
485	453
493	433
474	439
504	411
496	391
555	491
604	546
657	574
679	578
770	585
779	607
822	570
812	574
821	562
734	544
734	507
700	404
666	361
613	312
558	310
548	316
536	266
502	264
474	237
476	255
446	238
465	252
435	232
506	226
543	257
583	322
622	351
736	400
723	482
750	495
802	429
857	412
860	403
962	331
875	340
793	313
638	246
663	237
631	219
644	210
603	246
597	285
599	237
556	267
562	301
562	289
588	258
655	254
723	280
790	271
875	298
956	338
983	294
1023	298
942	246
907	273
855	214
916	222
861	265
794	273
714	296
729	274
692	246
615	267
605	284
583	249
586	253
561	265
578	272
617	297
685	335
710	361
824	378
909	414
1033	503
1101	596
1186	617
1163	542
1130	544
1217	507
1108	522
1069	503
968	492
932	435
909	408
903	448
919	409
885	409
843	357
808	380
780	367
677	400
721	420
713	412
761	458
823	490
933	570
1002	687
1030	749
1071	849
1079	988
1132	981
1184	946
1156	963
1130	945
1087	917
1115	850
1117	794
1056	730
1071	717
1005	664
973	617
928	579
868	611
762	563
759	613
720	647
768	642
840	664
887	691
960	651
1135	730
1189	837
1308	880
1346	921
1270	940
1219	973
1253	947
1264	846
1223	889
1211	804
1163	711
1067	755
1071	708
992	726
943	748
914	723
814	696
757	673
727	629
743	676
746	662
760	679
805	744
871	791
929	888
1039	946
1069	1047
1173	1030
1170	1137
1214	1084
1200	1119
1188	1099
1188	1056
1132	1059
1046	982
985	911
934	797
954	709
965	660
988	625
978	603
957	599
922	597
902	546
909	579
874	608
938	656
1006	680
1137	727
1218	807
1288	945
1334	917
1307	910
1372	865
1385	895
1351	836
1375	875
1361	885
1223	813
1055	771
970	719
942	619
910	565
891	507
842	487
817	458
785	449
768	488
815	519
837	524
921	552
982	550
1097	620
1166	669
1291	726
1384	852
1315	801
1254	827
1293	882
1328	920
1236	883
1172	910
1146	932
1035	848
1020	836
952	789
819	788
744	782
743	816
692	779
667	747
653	721
669	736
724	806
785	830
797	923
899	1023
909	1110
984	1207
1031	1246
966	1227
997	1324
1024	1464
993	1450
1093	1385
1113	1324
1139	1242
1057	1092
987	1025
913	998
871	936
837	933
884	909
864	850
824	801
828	823
859	791
848	811
834	906
876	987
947	1060
1080	1105
1204	1209
1284	1186
1222	1135
1302	1124
1388	1140
